db 30,6,87,46,131,62,52,8,0,117,5,46,140,14,52,8,128,252,7,127,71,208,228,138,196,50,228,139,248,46,255,165,68,0,72,83,67,79,66,74,32,49,46,52,32,40,67,41,57,51,47,57,52,32,98,121,32,67,104,105,99,107,101,110,47,69,67,82,96,0
db 116,0,190,0,205,0,213,0,218,0,228,0,9,1,72,67,67,73,69,75,33,78,95,7,31,203,46,128,62,249,8,0,116,5,96,232,235,2,97,96,232,17,3,97,235,232,46,128,62,55,8,0,116,58,46,128,62,249,8,0,116,50,96,30,6,46,142,30,193,8
db 191,179,8,46,254,13,46,138,37,128,252,0,117,10,46,160,181,8,46,136,5,232,61,1,232,86,5,232,174,5,232,16,1,187,50,8,46,255,31,7,31,97,46,198,6,55,8,0,235,158,46,128,62,249,8,0,116,150,96,232,141,2,97,235,143,46,198,6,182,8
db 255,235,135,232,143,6,235,130,46,128,54,56,8,255,144,233,120,255,128,251,0,116,13,46,137,22,50,8,46,140,30,52,8,233,102,255,80,184,8,1,46,163,50,8,14,88,46,163,52,8,88,233,84,255,203,81,86,14,31,139,254,190,210,8,185,40,0,243,164,94
db 89,233,64,255,96,30,6,46,128,62,54,8,0,116,9,46,198,6,55,8,1,235,125,144,46,142,30,193,8,50,192,46,56,6,56,8,116,35,232,206,6,46,139,22,48,8,236,168,8,117,251,236,168,1,117,251,236,168,1,116,251,186,192,3,176,0,238,176,1,238
db 176,32,238,191,179,8,46,254,13,46,138,37,128,252,0,117,10,46,160,181,8,46,136,5,232,104,0,232,129,4,232,217,4,232,59,0,50,192,46,56,6,56,8,116,27,46,139,22,48,8,236,168,1,117,251,236,168,1,116,251,186,192,3,176,0,238,176,0,238,176
db 32,238,187,50,8,46,255,31,7,31,97,46,128,62,58,8,0,116,5,46,255,46,175,8,207,46,128,62,182,8,0,116,27,46,128,62,183,8,63,116,19,46,254,6,183,8,6,14,7,185,18,0,191,157,8,176,1,243,170,7,195,46,139,54,199,8,46,139,30,197
db 8,51,192,46,160,246,8,3,216,51,192,138,7,46,162,247,8,187,128,4,247,227,3,240,51,192,46,160,248,8,179,18,246,227,3,240,185,9,0,232,63,0,226,251,191,248,8,46,254,5,46,138,29,128,251,64,117,46,50,192,46,136,5,191,246,8,176,1,46,0
db 5,46,139,54,197,8,51,219,46,138,29,138,0,168,128,116,17,60,255,117,2,176,128,44,128,60,49,114,2,50,192,46,136,5,195,51,192,138,4,70,60,128,117,3,233,234,0,60,0,116,7,180,9,42,225,232,18,3,138,4,70,60,0,117,3,233,212,0,60,1
db 117,10,180,63,46,136,38,248,8,233,198,0,138,224,37,240,15,192,232,4,60,1,117,24,191,103,8,187,9,0,43,217,209,227,254,196,46,0,33,46,199,65,18,1,0,233,162,0,60,2,117,23,191,103,8,187,9,0,43,217,209,227,254,196,46,40,33,46,199,65
db 18,1,0,235,226,60,10,117,21,192,228,2,191,139,8,187,9,0,43,217,46,136,33,46,198,65,18,1,235,110,60,11,117,26,192,228,2,191,139,8,187,9,0,43,217,46,136,97,9,46,198,65,27,1,61,90,38,67,235,80,60,12,117,62,192,228,2,191,139,8
db 187,9,0,43,217,46,136,33,46,198,65,18,1,86,80,83,190,219,8,46,138,0,50,228,187,12,0,247,227,46,139,54,195,8,3,240,91,88,246,68,8,1,94,116,25,46,136,97,9,46,198,65,27,1,235,14,60,15,254,196,46,136,38,181,8,46,136,38,179,8
db 195,138,4,36,127,70,180,9,42,225,232,70,1,235,241,46,128,62,57,8,0,116,23,184,28,37,46,139,22,175,8,46,139,14,177,8,142,217,205,33,46,198,6,57,8,0,50,192,232,186,0,46,198,6,249,8,0,195,46,136,30,54,8,46,136,62,58,8,46,140
db 6,193,8,46,137,54,195,8,129,198,0,6,46,137,54,197,8,131,198,51,46,137,54,199,8,46,142,30,193,8,50,192,232,132,0,176,1,180,32,232,58,4,176,8,180,64,232,51,4,176,189,180,0,232,44,4,51,192,185,9,0,232,205,0,5,1,1,226,248,46
db 198,6,182,8,0,46,198,6,183,8,0,46,198,6,179,8,1,50,192,46,162,246,8,46,162,247,8,46,162,248,8,176,2,46,162,181,8,6,14,7,185,18,0,191,157,8,176,1,243,170,185,9,0,191,228,8,176,255,243,170,7,184,28,53,205,33,46,140,6,177
db 8,46,137,30,175,8,184,28,37,14,31,186,28,1,205,33,176,255,46,162,249,8,46,162,57,8,195,184,1,64,232,183,3,184,4,0,232,177,3,184,8,0,232,171,3,185,192,0,184,32,0,232,162,3,254,192,226,249,6,14,7,191,103,8,184,0,0,185,9,0
db 243,171,184,1,0,185,9,0,243,171,191,139,8,176,0,185,18,0,243,170,176,1,185,18,0,243,170,191,219,8,176,255,185,9,0,243,170,191,201,8,176,0,185,18,0,243,170,191,228,8,176,255,185,9,0,243,170,7,195,96,51,201,191,219,8,51,219,138,220,46
db 56,1,117,3,233,205,0,46,136,1,138,204,50,228,187,12,0,247,227,46,139,54,195,8,3,240,176,176,2,193,50,228,232,41,3,176,192,2,193,138,100,8,232,31,3,191,83,8,209,193,3,249,209,201,176,32,46,2,5,138,36,232,12,3,176,32,46,2,69,1
db 138,100,1,232,0,3,176,96,46,2,5,138,100,4,232,245,2,176,96,46,2,69,1,138,100,5,232,233,2,176,128,46,2,5,138,100,6,232,222,2,176,128,46,2,69,1,138,100,7,232,210,2,176,224,46,2,5,138,100,9,232,199,2,176,224,46,2,69,1,138
db 100,10,232,187,2,176,64,46,2,5,138,100,2,232,176,2,176,64,46,2,69,1,138,100,3,232,164,2,191,139,8,3,249,138,68,2,46,136,5,46,198,69,18,1,138,68,3,46,136,69,9,46,198,69,27,1,138,68,11,36,240,192,232,4,191,184,8,3,249,46
db 136,5,97,195,96,60,127,116,94,51,201,138,204,139,249,177,1,46,136,133,210,8,46,136,141,201,8,254,200,46,162,180,8,51,201,138,204,191,83,8,209,193,3,249,209,201,176,176,2,193,50,228,232,67,2,187,103,8,209,193,139,249,209,201,3,251,190,59,8,51
db 192,46,160,180,8,187,12,0,246,243,138,220,50,228,193,224,10,209,227,46,3,0,46,137,5,46,199,69,18,1,0,97,195,138,196,50,228,187,103,8,209,192,139,248,3,251,46,139,5,128,228,223,46,137,5,46,199,69,18,1,0,97,195,96,185,9,0,191,8,0
db 46,198,133,237,8,0,46,128,189,201,8,0,116,50,176,128,46,138,165,139,8,128,228,63,42,196,46,138,165,148,8,128,228,63,42,196,192,232,3,60,15,118,2,176,15,254,192,46,136,133,228,8,46,198,133,201,8,0,46,198,133,237,8,255,46,128,189,228,8,255
db 116,5,46,254,141,228,8,79,226,2,97,195,235,172,96,185,9,0,73,232,5,0,65,226,249,97,195,187,103,8,209,193,139,241,209,201,191,184,8,3,249,46,128,61,0,117,7,46,131,120,18,0,116,30,46,199,64,18,0,0,176,160,2,193,46,138,32,46,2,37
db 232,95,1,176,176,2,193,46,138,96,1,232,84,1,191,83,8,209,193,3,249,209,201,190,139,8,3,241,46,128,124,18,0,116,62,46,198,68,18,0,176,64,46,2,5,139,208,176,63,46,42,4,82,138,240,128,230,192,37,63,0,82,179,63,46,42,30,183,8,50
db 255,247,227,187,63,0,247,243,90,138,208,176,63,42,194,36,63,10,198,90,138,224,138,194,232,1,1,46,128,124,27,0,116,110,46,198,68,27,0,176,64,46,2,69,1,139,208,46,138,68,9,87,80,82,83,191,219,8,139,217,46,138,1,50,228,187,12,0,247,227
db 46,139,62,195,8,3,248,246,69,8,1,117,6,91,90,88,95,235,48,91,90,88,95,176,63,46,42,68,9,82,138,240,128,230,192,37,63,0,82,179,63,46,42,30,183,8,50,255,247,227,187,63,0,247,243,90,138,208,176,63,42,194,36,63,10,198,90,138,224,138
db 194,232,140,0,195,83,82,86,131,251,0,116,12,46,137,30,101,8,139,211,190,238,7,235,11,190,222,7,46,139,20,46,137,22,101,8,232,134,0,232,131,0,184,4,96,232,96,0,184,4,128,232,90,0,236,36,224,138,216,184,2,255,232,79,0,184,4,33,232,73
db 0,232,99,0,232,96,0,236,36,224,138,248,184,4,96,232,56,0,184,4,128,232,50,0,129,251,0,192,117,7,139,194,248,94,90,91,195,131,198,2,46,139,20,131,250,255,117,169,184,255,255,249,235,235,136,3,24,2,40,2,56,2,72,2,88,2,104,2,136,2
db 56,3,255,255,80,81,82,46,139,22,101,8,238,236,236,236,236,236,236,66,138,196,238,185,35,0,236,226,253,90,89,88,195,80,82,30,51,210,142,218,139,22,99,4,131,194,6,46,137,22,48,8,236,168,8,117,251,236,168,8,116,251,31,90,88,195,0,0,8,1
db 0,0,0,0,0,0,0,107,33,129,33,152,33,176,33,202,33,229,33,2,34,32,34,65,34,99,34,135,34,174,34,3,0,4,1,5,2,11,8,12,9,13,10,19,16,20,17,21,18,136,3,0,0,0,0,0,0,0,0,0,0,0,0,0,0,0,0,0,0,1
db 0,1,0,1,0,1,0,1,0,1,0,1,0,1,0,1,0,0,0,0,0,0,0,0,0,0,0,0,0,0,0,0,0,0,0,1,1,1,1,1,1,1,1,1,1,1,1,1,1,1,1,1,1,0,0,0,0,0,0,0,0,0,0,0,0,0,0,0,0,0
db 0,0,0,0,0,0,0,0,0,0,0,0,0,0,0,0,0,0,0,0,0,0,0,0,0,0,0,255,255,255,255,255,255,255,255,255,255,255,255,255,255,255,255,255,255,0,0,0,0,0,0,0,0,0,0,0,0,0
