db 226,8,6,26,246,244,247,247,0,0,2,0,226,8,6,26,246,244,247,247,0,0,2,64,226,194,6,26,84,21,246,247,6,0,0,0,226,194,6,26,84,21,246,247,6,0,0,96,226,196,6,32,86,54,246,247,6,2,2,0,226,196,6,32,86,54,246,247,6,2
db 2,64,226,226,0,8,247,116,246,246,4,0,1,0,224,207,192,0,247,240,244,132,14,0,0,0,192,224,8,0,246,168,248,88,8,0,0,0,226,228,0,26,246,244,247,247,8,3,2,0,226,228,0,26,246,244,247,247,8,3,2,64,228,196,0,23,117,132,247,247
db 4,1,0,64,0,0,0,0,0,0,0,0,0,0,0,0,0,0,0,0,0,0,0,0,0,0,0,0,0,0,0,0,0,0,0,0,0,0,0,0,0,0,0,0,0,0,0,0,0,0,0,0,0,0,0,0,0,0,0,0,0,0,0,0,0,0,0,0,0,0
db 0,0,0,0,0,0,0,0,0,0,0,0,0,0,0,0,0,0,0,0,0,0,0,0,0,0,22,0,0,0,0,0,0,0,0,0,0,0,0,0,0,0,0,0,0,0,0,0,0,0,0,0,0,0,0,0,0,0,0,0,0,0,0,0,29,0,0,0,0,0
db 0,0,0,0,0,0,0,0,0,0,0,0,0,0,0,0,0,0,0,0,0,0,0,0,0,0,0,0,34,0,0,0,0,0,0,0,0,0,0,0,0,0,0,0,0,0,0,0,0,0,0,0,0,0,0,0,0,0,0,0,0,0,0,0,0,0,29,0,0,0
db 0,0,0,0,0,0,0,0,0,0,0,0,0,0,0,0,0,0,0,0,0,0,0,0,0,0,0,0,0,0,22,0,0,0,0,0,0,0,0,0,0,0,0,0,0,0,0,0,0,0,0,0,0,0,0,0,0,0,0,0,0,0,0,0,0,0,0,0,29,0
db 0,0,0,0,0,0,0,0,0,0,0,0,0,0,0,0,0,0,0,0,0,0,0,0,0,0,0,0,0,0,0,0,34,0,0,0,0,0,0,0,0,0,0,0,0,0,0,0,0,0,0,0,0,0,0,0,0,0,0,0,0,0,0,0,0,0,0,0,0,0
db 29,0,0,0,0,0,0,0,0,0,0,0,0,0,0,0,0,0,0,0,0,0,0,0,0,0,0,0,0,0,0,0,0,0,22,0,0,0,0,0,0,0,0,0,0,0,0,0,0,0,0,0,0,0,0,0,0,0,0,0,0,0,0,0,0,0,0,0,0,0
db 0,0,29,0,0,0,0,0,0,0,0,0,0,0,0,0,0,0,0,0,0,0,0,0,0,0,0,0,0,0,0,0,0,0,0,0,34,0,0,0,0,0,0,0,0,0,0,0,0,0,0,0,0,0,0,0,0,0,0,0,0,0,0,0,0,0,0,0,0,0
db 0,0,0,0,29,0,0,0,0,0,0,0,0,0,0,0,0,0,0,0,0,0,0,0,0,0,0,0,0,0,0,0,0,0,0,0,0,0,22,0,0,0,0,0,0,0,0,0,0,0,0,0,0,0,0,0,0,0,0,0,0,0,0,0,0,0,0,0,0,0
db 0,0,0,0,0,0,29,0,0,0,0,0,0,0,0,0,0,0,0,0,0,0,0,0,0,0,0,0,0,0,0,0,0,0,0,0,0,0,0,0,34,0,0,0,53,0,0,0,0,0,0,0,0,0,0,0,0,0,0,0,0,0,0,0,0,0,0,0,0,0
db 0,0,0,0,0,0,0,0,29,0,0,0,51,0,0,0,0,0,0,0,0,0,0,0,0,0,0,0,0,0,0,0,0,0,0,0,0,0,0,0,0,0,22,0,0,0,49,0,0,0,0,0,0,0,0,0,0,0,0,0,0,0,0,0,0,0,0,0,0,0
db 0,0,0,0,0,0,0,0,0,0,29,0,0,0,0,0,0,0,0,0,0,0,0,0,0,0,0,0,0,0,0,0,0,0,0,0,0,0,0,0,0,0,0,0,34,0,0,0,0,0,51,0,0,0,0,0,0,0,72,0,0,0,0,0,0,0,0,0,0,0
db 0,0,0,0,0,0,0,0,0,0,0,0,29,0,49,0,0,0,0,0,0,0,0,0,0,0,0,0,0,0,0,0,0,0,0,0,0,0,0,0,0,0,0,0,0,0,22,0,0,0,0,0,48,0,0,0,0,0,0,0,0,0,0,0,0,0,0,0,0,0
db 0,0,0,0,0,0,0,0,0,0,0,0,0,0,29,0,49,0,0,0,0,0,0,0,0,0,0,0,0,0,0,0,0,0,0,0,0,0,0,0,0,0,0,0,0,0,0,0,34,0,0,0,0,0,48,0,0,0,0,0,0,0,72,0,0,0,0,0,0,0
db 0,0,0,0,0,0,0,0,0,0,0,0,0,0,0,0,29,0,0,0,0,0,0,0,0,0,0,0,0,0,0,0,0,0,0,0,0,0,0,0,0,0,0,0,0,0,0,0,0,0,22,0,0,0,46,0,0,0,0,0,0,0,0,0,0,0,0,0,0,0
db 0,0,0,0,0,0,0,0,0,0,0,0,0,0,0,0,0,0,29,0,0,0,0,0,0,0,0,0,0,0,0,0,0,0,0,0,0,0,0,0,0,0,0,0,0,0,0,0,0,0,0,0,34,0,0,0,0,0,0,0,0,0,0,0,0,0,72,0,0,0
db 0,0,0,0,0,0,0,0,0,0,0,0,0,0,0,0,0,0,0,0,29,0,0,0,0,0,0,0,0,0,0,0,0,0,0,0,0,0,0,0,0,0,0,0,0,0,0,0,0,0,0,0,0,0,22,0,0,0,0,0,0,0,0,0,0,0,0,0,0,0
db 0,0,0,0,0,0,127,0,127,0,0,0,0,0,0,0,0,0,0,0,0,0,29,0,0,0,0,0,0,0,0,0,0,0,0,0,0,0,0,0,0,0,0,0,0,0,0,0,0,0,0,0,0,0,0,0,34,0,0,0,53,0,0,0,0,0,0,0,0,0
db 72,0,0,0,0,0,0,0,0,0,0,0,0,0,0,0,0,0,0,0,0,0,0,0,29,0,0,0,51,0,0,0,0,0,0,0,0,0,0,0,0,0,0,0,0,0,0,0,0,0,0,0,0,0,0,0,0,0,22,0,0,0,49,0,0,0,0,0,0,0
db 0,0,0,0,0,0,0,0,0,0,0,0,0,0,0,0,0,0,0,0,0,0,0,0,0,0,29,0,0,0,0,0,0,0,0,0,0,0,0,0,0,0,0,0,0,0,0,0,0,0,0,0,0,0,0,0,0,0,0,0,34,0,0,0,0,0,51,0,0,0
db 0,0,0,0,72,0,0,0,0,0,0,0,0,0,0,0,0,0,0,0,0,0,0,0,0,0,0,0,29,0,49,0,0,0,0,0,0,0,0,0,0,0,0,0,0,0,0,0,0,0,0,0,0,0,0,0,0,0,0,0,0,0,22,0,0,0,0,1,2,2
db 3,3,4,5,6,6,7,7,8,9,8,9,10,11,10,11,12,7,7,8,9,8,9,10,11,10,11,12,12,13,13,14,255,0,0,0,0,0,0,0,0,0,0,0,0,0,0,127,240,127,0,127,0,127,0,127,0,127,0,127,0,127,0,127,0,128,0,0,0,0
db 0,0,0,0,0,0,0,0,0,0,0,0,0,0,0,128,1,0,0,0,0,0,0,0,0,0,0,0,0,0,0,0,0,0,0,128,0,0,0,0,0,0,0,0,0,0,0,0,0,0,0,0,0,0,0,128,1,0,0,0,0,0,0,0,0,0,0,0,0,0
db 0,0,0,0,0,128,0,0,0,0,0,0,0,0,0,0,0,0,0,0,0,0,0,0,0,128,1,0,0,0,0,0,0,0,0,0,0,0,0,0,0,0,0,0,0,128,4,0,0,0,0,0,0,0,0,0,0,0,0,0,0,0,0,0,0,128,5,0,0,0
db 241,0,1,0,0,0,0,0,0,0,0,0,0,0,0,128,8,0,0,0,0,0,0,0,0,0,0,0,0,0,0,0,0,0,0,0,0,0,0,0,0,0,0,0,0,0,0,0,0,0,0,0,0,0,0,0,0,0,0,0,0,0,0,0,0,0,0,0,0,0
db 0,0,0,0,0,0,0,0,0,0,0,0,0,0,0,0,0,0,0,0,0,0,0,0,0,0,0,0,0,0,0,0,0,0,0,0,0,0,0,0,0,0,0,0,0,0,0,0,0,0,0,0,0,0,0,0,0,0,0,0,0,0,0,0,0,0,0,0,0,0
db 0,0,0,0,0,0,0,0,0,0,0,0,0,0,0,0,0,0,0,0,0,0,0,0,0,0,0,0,0,0,0,0,0,0,0,0,0,0,0,0,0,0,0,0,0,0,0,0,0,0,0,0,0,0,0,0,0,0,0,0,0,0,0,0,0,0,0,0,0,0
db 0,0,0,0,0,0,0,0,0,0,0,0,0,0,0,0,0,0,0,0,0,0,0,0,0,0,0,0,0,0,0,0,0,0,0,0,0,0,0,0,0,0,0,0,0,0,0,0,0,0,0,0,0,0,0,0,0,0,0,0,0,0,0,0,0,0,0,0,0,0
db 0,0,0,0,0,0,0,0,0,0,0,0,0,0,0,0,0,0,0,0,0,0,0,0,0,0,0,0,0,0,0,0,0,0,0,0,0,0,0,0,0,0,0,0,0,0,0,0,0,0,0,0,0,0,0,0,0,0,0,0,0,0,0,0,0,0,0,0,0,0
db 0,0,0,0,0,0,0,0,0,0,0,0,0,0,0,0,0,0,0,0,0,0,0,0,0,0,0,0,0,0,0,0,0,0,0,0,0,0,0,0,0,0,0,0,0,0,0,0,0,0,0,0,0,0,0,0,0,0,0,0,0,0,0,0,0,0,0,0,0,0
db 0,0,0,0,0,0,0,0,0,0,0,0,0,0,0,0,0,0,0,0,0,0,0,0,0,0,0,0,0,0,0,0,0,0,0,0,0,0,0,0,0,0,0,0,0,0,0,0,0,0,0,0,0,0,0,0,0,0,0,0,0,0,0,0,0,0,0,0,0,0
db 0,0,0,0,0,0,0,0,0,0,0,0,0,0,0,0,0,0,0,0,0,0,0,0,0,0,0,0,0,0,0,0,0,0,0,0,0,0,0,0,0,0,0,0,0,0,0,0,0,0,0,0,0,0,0,0,0,0,0,0,0,0,0,0,0,0,0,0,0,0
db 0,0,0,0,0,0,0,0,0,0,0,0,0,0,0,0,0,0,0,0,0,0,0,0,0,0,0,0,0,0,0,0,0,0,0,0,0,0,0,0,0,0,0,0,0,0,0,0,0,0,0,0,0,0,0,0,0,0,0,0,0,0,0,0,0,0,0,0,0,0
db 0,0,0,0,0,0,0,0,0,0,0,0,0,0,0,0,0,0,0,0,0,0,0,0,0,0,0,0,0,0,0,0,0,0,0,0,0,0,0,0,0,0,0,0,0,0,0,0,0,0,0,0,0,0,0,0,0,0,0,0,0,0,0,0,0,0,0,0,0,0
db 0,0,0,0,0,0,0,0,0,0,0,0,0,0,0,0,0,0,0,0,0,0,0,0,0,0,0,0,0,0,0,0,0,0,0,0,0,0,0,0,0,0,0,0,0,0,0,0,0,0,0,0,0,0,0,0,0,0,0,0,0,0,0,0,0,0,0,0,0,0
db 0,0,0,0,0,0,0,0,0,0,0,0,0,0,0,0,0,0,0,0,0,0,0,0,0,0,0,0,0,0,0,0,0,0,0,0,0,0,0,0,0,0,0,0,0,0,0,0,0,0,0,0,0,0,0,0,0,0,0,0,0,0,0,0,0,0,0,0,0,0
db 0,0,0,0,0,0,0,0,0,0,0,0,0,0,0,0,0,0,0,0,0,0,0,0,0,0,0,0,0,0,0,0,0,0,0,0,0,0,0,0,0,0,0,0,0,0,0,0,0,0,0,0,0,0,0,0,0,0,0,0,0,0,0,0,0,0,0,0,0,0
db 0,0,0,0,0,0,0,0,0,0,0,0,0,0,0,0,0,0,0,0,0,0,0,0,0,0,0,0,0,0,0,0,0,0,0,0,0,0,0,0,0,0,0,0,0,0,0,0,0,0,0,0,0,0,0,0,0,0,0,0,0,0,0,0,0,0,0,0,0,0
db 0,0,0,0,0,0,0,0,0,37,194,37,194,0,196,0,196,0,197,0,197,0,0,0,0,0,0,0,0,0,18,0,0,0,0,0,0,0,0,0,0,0,0,0,0,39,0,39,0,37,0,37,0,0,0,0,0,0,0,0,0,0,0,0,0,0,18,0,0,0
db 0,0,0,0,0,0,0,0,0,0,0,40,0,40,0,39,0,39,0,37,0,37,0,0,0,0,0,0,0,0,0,0,18,0,0,0,0,0,0,0,0,0,0,0,0,0,0,39,0,39,0,40,0,40,0,39,0,39,0,0,0,0,0,0,0,0,0,0,18,0
db 0,0,0,0,0,0,0,0,0,0,0,0,0,42,0,42,0,39,0,39,0,40,0,40,0,0,0,0,0,0,0,0,0,0,18,0,0,0,0,0,0,0,0,0,0,0,0,0,0,39,0,39,0,42,0,42,0,39,0,39,0,0,0,0,0,0,0,0,0,0
db 18,0,0,0,0,0,0,0,0,0,0,0,0,0,0,40,0,40,0,39,0,39,0,42,0,42,0,0,0,0,0,0,0,0,0,0,18,0,0,0,0,0,0,0,0,0,0,0,0,0,0,39,0,39,0,40,0,40,0,39,0,39,0,0,0,0,0,0,0,0
db 0,0,18,0,0,0,0,0,0,0,0,0,0,0,0,0,0,37,0,37,0,39,0,39,0,40,0,40,0,0,0,0,0,0,0,0,0,0,18,0,0,0,0,0,0,0,0,0,0,0,0,0,0,39,0,39,0,37,0,37,0,39,0,39,0,0,0,0,0,0
db 0,0,0,0,18,0,0,0,0,0,0,0,0,0,0,0,0,0,0,40,0,40,0,39,0,39,0,37,0,37,0,0,0,0,0,0,0,0,0,0,18,0,0,0,0,0,0,0,0,0,0,0,0,0,0,39,0,39,0,40,0,40,0,39,0,39,0,0,0,0
db 0,0,0,0,0,0,18,0,0,0,0,0,0,0,0,0,0,0,0,0,0,42,0,42,0,39,0,39,0,40,0,40,0,0,0,0,0,0,0,0,0,0,18,0,0,0,0,0,0,0,0,0,0,0,0,0,0,39,0,39,0,42,0,42,0,39,0,39,0,0
db 0,0,0,0,0,0,0,0,18,0,0,0,0,0,0,0,0,0,0,0,0,0,0,40,0,40,0,39,0,39,0,42,0,42,0,0,0,0,0,0,0,0,0,0,18,0,0,0,0,0,0,0,0,0,0,0,0,0,0,35,0,35,0,40,0,40,0,39,0,39
db 0,0,0,0,0,0,0,0,0,0,18,0,0,0,0,0,0,0,0,0,0,0,0,0,0,37,0,37,0,35,0,35,0,40,0,40,0,49,0,49,0,0,0,0,0,0,0,0,0,0,0,0,0,0,0,0,0,0,0,0,0,39,0,39,0,37,0,37,0,35
db 0,35,0,49,194,49,194,0,0,0,0,0,0,0,0,0,0,0,0,0,0,0,0,0,0,0,0,40,0,40,0,39,0,39,0,37,0,37,0,49,196,49,196,0,0,0,0,0,0,0,0,0,0,0,0,0,0,0,0,0,0,0,0,39,0,39,0,40,0,40
db 0,39,0,39,0,49,198,49,198,0,0,0,0,0,0,0,0,0,0,0,0,0,0,0,0,0,0,0,0,42,0,42,0,39,0,39,0,40,0,40,0,56,192,56,192,0,0,0,0,0,0,0,0,0,0,0,0,0,0,0,0,0,0,0,0,39,0,39,0,42
db 0,42,0,39,0,39,0,56,194,56,194,0,0,0,0,0,0,0,0,0,0,0,0,0,0,0,0,0,0,0,0,40,0,40,0,39,0,39,0,42,0,42,0,56,196,56,196,0,0,0,0,0,0,0,0,0,0,0,0,0,0,0,0,0,0,0,0,39,0,39
db 0,40,0,40,0,39,0,39,0,56,198,56,198,0,0,0,0,0,0,0,0,0,0,0,0,0,0,0,0,0,0,0,0,37,0,37,0,39,0,39,0,40,0,40,0,0,0,0,0,0,0,0,0,0,0,0,0,0,0,0,0,0,0,0,0,0,0,0,0,39
db 0,39,0,37,0,37,0,39,0,39,0,0,0,0,0,0,0,0,0,0,0,0,0,0,0,0,0,0,0,0,0,0,0,0,0,40,0,40,0,39,0,39,0,37,0,37,0,0,0,0,0,0,0,0,0,0,0,0,0,0,0,0,0,0,0,0,0,0,0,0
db 0,39,0,39,0,40,0,40,0,39,0,39,0,0,0,0,0,0,0,0,0,0,0,0,0,0,0,0,0,0,0,0,0,0,0,0,0,42,0,42,0,39,0,39,0,40,0,40,0,0,0,0,0,13,0,0,0,0,0,0,0,0,0,0,0,0,0,0,0,0
db 0,0,0,39,0,39,0,42,0,42,0,39,0,39,0,0,0,0,0,0,0,0,0,0,0,0,0,0,0,0,0,0,0,0,0,0,0,0,0,40,0,40,0,39,0,39,0,42,0,42,0,0,0,0,0,0,0,0,0,0,0,0,0,0,0,0,0,0,0,0
db 0,0,0,0,0,35,0,35,0,40,0,40,0,39,0,39,0,0,0,0,0,0,0,0,0,0,0,0,0,0,0,0,0,0,0,0,0,0,0,0,0,37,194,37,194,35,196,35,196,127,0,0,0,37,192,0,194,13,0,0,0,0,0,0,0,0,0,0,0,127
db 0,0,0,0,0,0,0,39,0,39,0,37,0,37,0,0,0,0,0,40,0,37,0,0,0,0,0,0,0,0,0,0,0,0,0,0,0,0,0,0,0,0,0,40,0,40,0,39,0,39,0,0,0,0,0,42,0,40,0,0,0,0,0,0,0,0,0,0,0,0
db 0,0,0,0,0,0,0,0,0,39,0,39,0,40,0,40,0,0,0,0,0,44,0,42,0,13,0,0,0,0,0,0,0,0,0,0,0,0,0,0,0,0,0,0,0,42,0,42,0,39,0,39,0,0,0,0,0,42,0,44,0,0,0,0,0,0,0,0,0,0
db 0,0,0,0,0,0,0,0,0,0,0,39,0,39,0,42,0,42,0,0,0,0,0,44,0,42,0,127,0,0,0,0,0,0,0,0,0,0,0,0,0,0,0,0,0,128,7,40,0,40,0,39,0,39,0,0,0,0,0,42,0,44,0,25,0,0,0,0,0,0
db 0,0,0,0,0,0,0,0,0,0,0,0,0,39,0,39,0,40,0,40,0,0,0,0,0,0,0,42,0,127,0,0,0,0,0,0,0,0,0,0,0,0,0,0,0,0,0,128,8,37,0,37,0,39,0,39,0,0,0,0,0,37,0,0,0,13,0,0,0,0
db 0,0,0,0,0,0,0,0,0,0,0,0,0,0,0,39,0,39,0,37,0,37,0,0,0,0,0,40,0,37,0,0,0,0,0,0,0,0,0,0,0,0,0,0,0,0,0,0,0,0,0,40,0,40,0,39,0,39,0,0,0,0,0,42,0,40,0,0,0,0
db 0,0,0,0,0,0,0,0,0,0,0,0,0,0,0,0,0,39,0,39,0,40,0,40,0,0,0,0,0,44,0,42,0,13,0,0,0,0,0,0,0,0,0,0,0,0,0,0,0,0,0,0,0,42,0,42,0,39,0,39,0,128,6,0,0,49,0,44,0,0
db 0,0,0,0,0,0,0,0,0,0,0,128,6,0,0,0,0,0,0,39,0,39,0,42,0,42,0,0,0,0,0,0,0,49,0,127,0,0,0,0,0,0,0,0,0,0,0,0,0,0,0,0,0,128,7,40,0,40,0,39,0,39,0,0,0,0,0,47,0,0
db 0,25,0,0,0,0,0,0,0,0,0,0,0,0,0,0,0,0,0,0,0,35,0,35,0,40,0,40,0,0,0,0,0,0,0,47,0,127,0,0,0,0,0,0,0,0,0,0,0,0,0,0,0,0,0,128,8,37,0,37,0,35,0,35,0,13,192,0,0,49
db 0,0,0,13,0,0,0,0,0,0,0,0,0,0,0,0,0,0,0,0,0,0,0,39,0,39,0,37,0,37,0,0,0,13,193,47,0,49,0,0,0,0,0,0,0,0,0,0,0,0,0,0,0,0,0,0,0,0,0,40,0,40,0,39,0,39,0,13,194,0
db 0,49,0,47,0,0,0,0,0,0,0,0,0,0,0,0,0,0,0,0,0,0,0,0,0,39,0,39,0,40,0,40,0,0,0,13,195,47,0,49,0,13,0,0,0,0,0,0,0,0,0,0,0,0,0,0,0,0,0,0,0,42,0,42,0,39,0,39,0,13
db 196,0,0,49,0,47,0,0,0,0,0,0,0,0,0,0,0,0,0,0,0,0,0,0,0,0,0,39,0,39,0,42,0,42,0,0,0,0,0,47,0,49,0,127,0,0,0,0,0,0,0,0,0,0,0,0,0,0,0,0,0,128,7,40,0,40,0,39,0,39
db 0,0,0,0,0,44,0,47,0,25,0,0,0,0,0,0,0,0,0,0,0,0,0,0,0,0,0,0,0,39,0,39,0,40,0,40,0,0,0,0,0,0,0,44,0,127,0,0,0,0,0,0,0,0,0,0,0,0,0,0,0,0,0,128,8,37,0,37,0,39
db 0,39,0,0,0,0,0,49,0,0,0,13,0,0,0,0,0,0,0,0,0,0,0,0,0,0,0,0,0,0,0,39,0,39,0,37,0,37,0,0,0,0,0,51,0,49,0,0,0,0,0,0,0,0,0,0,0,0,0,0,0,0,0,0,0,0,0,40,0,40
db 0,39,0,39,0,0,0,0,0,52,0,51,0,0,0,0,0,0,0,0,0,0,0,0,0,0,0,0,0,0,0,0,0,39,0,39,0,40,0,40,0,0,0,0,0,51,0,52,0,13,0,0,0,0,0,0,0,0,0,0,0,0,0,0,0,0,0,0,0,42
db 0,42,0,39,0,39,0,0,0,0,0,54,0,51,0,0,0,0,0,0,0,0,0,0,0,0,0,0,0,0,0,0,0,0,0,39,0,39,0,42,0,42,0,0,0,0,0,0,0,54,0,127,0,0,0,0,0,0,0,0,0,0,0,0,0,0,0,0,0,128
db 7,40,0,40,0,39,0,39,0,0,0,0,0,47,0,0,0,25,0,0,0,0,0,0,0,0,0,0,0,0,0,0,0,0,0,0,0,35,0,35,0,40,0,40,0,0,0,0,0,0,0,47,0,127,0,0,0,0,0,0,0,0,0,0,0,0,0,0,0,0
db 0,128,8,37,240,37,0,35,196,35,196,0,0,13,192,0,0,127,0,13,0,0,20,0,20,0,20,0,20,0,0,0,179,127,0,0,0,0,0,0,36,0,36,0,36,0,36,0,0,13,194,0,0,128,7,0,0,0,20,0,20,0,20,0,20,127,0,0,0,0
db 0,0,0,0,0,39,0,39,0,37,0,37,0,0,0,13,196,0,0,0,0,0,0,0,20,0,20,0,20,0,20,128,2,0,178,0,0,0,0,0,0,0,36,0,36,0,36,0,36,0,0,13,192,128,3,0,0,0,0,0,20,0,20,0,20,0,20,0,0,0
db 0,0,0,0,0,0,0,40,0,40,0,39,0,39,0,0,0,13,194,0,0,0,0,13,0,0,20,0,20,0,20,0,20,0,0,0,178,0,0,0,0,0,0,0,36,0,36,0,36,0,36,0,0,13,196,0,0,0,0,0,0,0,20,0,20,0,20,0,20,0
db 0,0,177,0,0,0,0,0,0,39,0,39,0,40,0,40,0,0,0,13,192,0,0,0,0,0,0,0,20,0,20,0,20,0,20,0,0,0,177,0,0,0,0,0,0,0,36,0,36,0,36,0,36,0,0,13,194,0,0,0,0,0,0,0,20,0,20,0,20,0
db 20,0,0,0,177,0,0,0,0,0,0,42,0,42,0,39,0,39,0,0,0,13,196,0,0,0,0,13,0,0,20,0,20,0,20,0,20,0,0,0,176,0,0,0,0,0,0,0,36,0,36,0,36,0,36,0,0,13,192,0,0,0,0,0,0,0,20,0,20,0
db 20,0,20,0,0,0,177,0,0,0,0,0,0,39,0,39,0,42,0,42,0,0,0,13,192,0,0,0,0,0,0,0,20,0,20,0,20,0,20,0,0,0,177,0,0,0,0,0,0,0,36,0,36,0,36,0,36,0,0,13,194,0,0,0,0,0,0,0,20,0
db 20,0,20,0,20,0,0,0,177,0,0,0,0,0,0,40,0,40,0,39,0,39,0,0,0,13,196,0,0,0,0,13,0,0,20,0,20,0,20,0,20,0,0,0,177,0,0,0,0,0,0,0,36,0,36,0,36,0,36,0,0,13,198,0,0,0,0,0,0,0
db 20,0,20,0,20,0,20,0,0,0,177,0,0,0,0,0,0,39,0,39,0,40,0,40,0,0,0,13,192,0,0,0,0,0,0,0,20,0,20,0,20,0,20,0,0,0,176,0,0,0,0,0,0,0,36,0,36,0,36,0,36,0,0,13,194,0,0,0,0,0
db 0,0,20,0,20,0,20,0,20,0,0,0,177,0,0,0,0,0,0,37,0,37,0,39,0,39,0,0,0,13,192,0,0,0,0,13,0,0,20,0,20,0,20,0,20,0,0,0,177,0,0,0,0,0,0,0,36,0,36,0,36,0,36,0,0,13,194,0,0,0
db 0,0,0,0,20,0,20,0,20,0,20,0,0,0,177,0,0,0,0,0,0,39,0,39,0,37,0,37,0,0,0,13,196,0,0,0,0,0,0,0,20,0,20,0,20,0,20,0,0,0,178,0,0,0,0,0,0,0,36,0,36,0,36,0,36,0,0,13,192,0
db 0,0,0,0,0,0,20,0,20,0,20,0,20,0,0,0,178,0,0,0,0,0,0,40,0,40,0,39,0,39,0,0,0,13,194,0,0,0,0,13,0,0,20,0,20,0,20,0,20,0,0,0,178,0,0,0,0,0,0,0,36,0,36,0,36,0,36,0,0,13
db 196,0,0,0,0,0,0,0,20,0,20,0,20,0,20,0,0,0,179,0,0,0,0,0,0,42,0,42,0,40,0,40,0,0,0,13,192,0,0,0,0,0,0,0,20,0,20,0,20,0,20,0,0,0,179,0,0,0,0,0,0,0,36,0,36,0,36,0,36,0
db 0,13,194,0,0,0,0,0,0,0,20,0,20,0,20,0,20,0,0,0,179,0,0,0,0,0,0,39,0,39,0,42,0,42,0,0,0,13,196,0,0,0,0,13,0,0,20,0,20,0,20,0,20,0,0,0,180,0,0,0,0,0,0,0,36,0,36,0,36,0
db 36,0,0,13,192,0,0,0,0,0,0,0,20,0,20,0,20,0,20,0,0,0,181,0,0,0,0,0,0,40,0,40,0,39,0,39,0,0,0,13,192,0,0,0,0,0,0,0,20,0,20,0,20,0,20,0,0,0,180,0,0,0,0,0,0,0,36,0,36,0
db 36,0,36,0,0,13,194,0,0,0,0,0,0,0,20,0,20,0,20,0,20,0,0,0,180,0,0,0,0,0,0,39,0,39,0,40,0,40,0,0,0,13,196,0,0,0,0,13,0,0,20,0,20,0,20,0,20,0,0,0,180,0,0,0,0,0,0,0,36,0
db 36,0,36,0,36,0,0,13,198,0,0,0,0,0,0,0,20,0,20,0,20,0,20,0,0,0,179,0,0,0,0,0,0,35,0,35,0,39,0,39,0,0,0,13,192,0,0,0,0,127,0,0,20,0,20,0,20,0,20,0,0,0,179,0,0,0,0,0,0,0
db 36,0,36,0,36,0,36,0,0,13,194,0,0,0,0,0,0,0,20,0,20,0,20,0,20,0,0,0,178,0,0,0,0,0,0,37,240,37,0,35,196,35,196,49,0,13,192,56,0,0,0,13,0,0,20,0,20,0,20,0,20,0,0,0,179,0,0,0,0,0
db 0,0,36,0,36,0,36,0,36,0,0,13,194,0,0,0,0,0,0,0,20,0,20,0,20,0,20,0,0,0,0,0,0,0,0,0,0,39,0,39,0,37,0,37,0,0,0,13,196,0,0,73,0,0,0,0,20,0,20,0,20,0,20,0,0,0,178,0,0,0
db 0,0,0,0,36,0,36,0,36,0,36,0,0,13,192,0,0,73,0,0,0,0,20,0,20,0,20,0,20,0,0,0,0,0,0,0,0,0,0,40,0,40,0,39,0,39,0,127,0,13,194,127,0,1,0,13,0,0,20,0,20,0,20,0,20,0,0,0,178,0
db 0,0,0,0,0,0,36,0,36,0,36,0,36,0,0,13,196,0,0,73,0,0,0,0,20,0,20,0,20,0,20,0,0,0,177,0,0,0,0,0,0,39,0,39,0,40,0,40,0,0,0,13,192,0,0,73,0,0,0,0,20,0,20,0,20,0,20,0,0,0
db 177,0,0,0,0,0,0,0,36,0,36,0,36,0,36,0,0,13,194,0,0,0,0,0,0,0,20,0,20,0,20,0,20,0,0,0,177,0,0,0,0,0,0,42,0,42,0,39,0,39,0,49,0,13,196,54,0,73,0,13,0,0,20,0,20,0,20,0,20,0
db 0,0,176,0,0,0,0,0,0,0,36,0,36,0,36,0,36,0,0,13,192,0,0,0,0,0,0,0,20,0,20,0,20,0,20,0,0,0,177,0,0,0,0,0,0,39,0,39,0,42,0,42,0,0,0,13,192,0,0,73,0,0,0,0,20,0,20,0,20,0
db 20,0,0,0,177,0,0,0,0,0,0,0,36,0,36,0,36,0,36,0,0,13,194,0,0,73,0,0,0,0,20,0,20,0,20,0,20,0,0,0,177,0,0,0,0,0,0,40,0,40,0,39,0,39,0,127,0,13,196,127,0,1,0,13,0,0,20,0,20,0
db 20,0,20,0,0,0,177,0,0,0,0,0,0,0,36,0,36,0,36,0,36,0,0,13,198,0,0,0,0,0,0,0,20,0,20,0,20,0,20,0,0,0,177,0,0,0,0,0,0,39,0,39,0,40,0,40,0,0,0,13,192,0,0,0,0,0,0,0,20,0
db 20,0,20,0,20,0,0,0,176,0,0,0,0,0,0,0,36,0,36,0,36,0,36,0,0,13,194,0,0,73,0,0,0,0,20,0,20,0,20,0,20,0,0,0,177,0,0,0,0,0,0,37,0,37,0,39,0,39,0,49,0,13,192,52,0,0,0,13,0,0
db 20,0,20,0,20,0,20,0,0,0,177,0,0,0,0,0,0,0,36,0,36,0,36,0,36,0,0,13,194,0,0,0,0,0,0,0,20,0,20,0,20,0,20,0,0,0,177,0,0,0,0,0,0,39,0,39,0,37,0,37,0,0,0,13,196,0,0,73,0,0
db 0,0,20,0,20,0,20,0,20,0,0,0,178,0,0,0,0,0,0,0,36,0,36,0,36,0,36,0,0,13,192,0,0,73,0,0,0,0,20,0,20,0,20,0,20,0,0,0,178,0,0,0,0,0,0,40,0,40,0,39,0,39,0,127,0,13,194,127,0,1
db 0,13,0,0,20,0,20,0,20,0,20,0,0,0,178,0,0,0,0,0,0,0,36,0,36,0,36,0,36,0,0,13,196,0,0,0,0,0,0,0,20,0,20,0,20,0,20,0,0,0,179,0,0,0,0,0,0,42,0,42,0,40,0,40,0,0,0,13,192,0
db 0,73,0,0,0,0,20,0,20,0,20,0,20,0,0,0,179,0,0,0,0,0,0,0,36,0,36,0,36,0,36,0,0,13,194,0,0,0,0,0,0,0,20,0,20,0,20,0,20,0,0,0,179,0,0,0,0,0,0,39,0,39,0,42,0,42,0,49,0,13
db 196,51,0,73,0,13,0,0,20,0,20,0,20,0,20,0,0,0,180,0,0,0,0,0,0,0,36,0,36,0,36,0,36,0,0,13,192,0,0,0,0,0,0,0,20,0,20,0,20,0,20,0,0,0,181,0,0,0,0,0,0,40,0,40,0,39,0,39,0,0
db 0,13,192,0,0,73,0,0,0,0,20,0,20,0,20,0,20,0,0,0,180,0,0,0,0,0,0,0,36,0,36,0,36,0,36,0,0,13,194,0,0,73,0,0,0,0,20,0,20,0,20,0,20,0,0,0,180,0,0,0,0,0,0,39,0,39,0,40,0,40
db 0,127,0,13,196,127,0,1,0,13,0,0,20,0,20,0,20,0,20,0,0,0,180,0,0,0,0,0,0,0,36,0,36,0,36,0,36,0,0,13,198,0,0,0,0,0,0,0,20,0,20,0,20,0,20,0,0,0,179,0,0,0,0,0,0,35,0,35,0,39
db 0,39,0,0,0,13,192,0,0,73,0,127,0,0,20,0,20,0,20,0,20,0,0,0,179,0,0,0,0,0,0,0,36,0,36,0,36,0,36,0,0,13,194,0,0,73,0,0,0,0,20,0,20,0,20,0,20,0,0,0,178,0,0,0,0,0,0,37,240,37
db 0,35,196,35,196,49,0,13,192,49,0,0,0,13,0,0,20,0,20,0,20,0,20,0,0,0,179,0,0,0,0,0,0,0,36,0,36,0,36,0,36,0,0,13,194,0,0,0,0,0,0,0,20,0,20,0,20,0,20,0,0,0,0,0,0,0,0,0,0,39
db 0,39,0,37,0,37,0,0,0,13,196,0,0,73,0,0,0,0,20,0,20,0,20,0,20,0,0,0,178,0,0,0,0,0,0,0,36,0,36,0,36,0,36,0,0,13,192,0,0,73,0,0,0,0,20,0,20,0,20,0,20,0,0,0,0,0,0,0,0,0
db 0,40,0,40,0,39,0,39,0,0,0,13,194,0,0,1,0,13,0,0,20,0,20,0,20,0,20,0,0,0,178,0,0,0,0,0,0,0,36,0,36,0,36,0,36,0,0,13,196,0,0,73,0,0,0,0,20,0,20,0,20,0,20,0,0,0,177,0,0,0
db 0,0,0,39,0,39,0,40,0,40,0,0,0,13,192,0,0,73,0,0,0,0,20,0,20,0,20,0,20,0,0,0,177,0,0,0,0,0,0,0,36,0,36,0,36,0,36,0,0,13,194,0,0,0,0,0,0,0,20,0,20,0,20,0,20,0,0,0,177,0
db 0,0,0,0,0,42,0,42,0,39,0,39,0,0,0,13,196,0,0,73,0,13,0,0,20,0,20,0,20,0,20,0,0,0,176,0,0,0,0,0,0,0,36,0,36,0,36,0,36,0,0,13,192,0,0,0,0,0,0,0,20,0,20,0,20,0,20,0,0,0
db 177,0,0,0,0,0,0,39,0,39,0,42,0,42,0,0,0,13,192,0,0,73,0,0,0,0,20,0,20,0,20,0,20,0,0,0,177,0,0,0,0,0,0,0,36,0,36,0,36,0,36,0,0,13,194,0,0,73,0,0,0,0,20,0,20,0,20,0,20,0
db 0,0,177,0,0,0,0,0,0,40,0,40,0,39,0,39,0,0,0,13,196,0,0,1,0,13,0,0,20,0,20,0,20,0,20,0,0,0,177,0,0,0,0,0,0,0,36,0,36,0,36,0,36,0,0,13,198,0,0,0,0,0,0,0,20,0,20,0,20,0
db 20,0,0,0,177,0,0,0,0,0,0,39,0,39,0,40,0,40,0,0,0,13,192,0,0,0,0,0,0,0,20,0,20,0,20,0,20,0,0,0,176,0,0,0,0,0,0,0,36,0,36,0,36,0,36,0,0,13,194,0,0,73,0,0,0,0,20,0,20,0
db 20,0,20,0,0,0,177,0,0,0,0,0,0,37,0,37,0,39,0,39,0,0,0,8,192,0,0,0,0,13,0,0,20,0,20,0,20,0,20,0,0,0,177,0,0,0,0,0,0,0,36,0,36,0,36,0,36,0,0,8,194,0,0,0,0,0,0,0,20,0
db 20,0,20,0,20,0,0,0,177,0,0,0,0,0,0,39,0,39,0,37,0,37,0,0,0,8,196,0,0,73,0,0,0,0,20,0,20,0,20,0,20,0,0,0,178,0,0,0,0,0,0,0,36,0,36,0,36,0,36,0,0,8,192,0,0,73,0,0,0,0
db 20,0,20,0,20,0,20,0,0,0,178,0,0,0,0,0,0,40,0,40,0,39,0,39,0,0,0,8,194,0,0,1,0,13,0,0,20,0,20,0,20,0,20,0,0,0,178,0,0,0,0,0,0,0,36,0,36,0,36,0,36,0,0,8,196,0,0,0,0,0
db 0,0,20,0,20,0,20,0,20,0,0,0,179,0,0,0,0,0,0,42,0,42,0,40,0,40,0,0,0,8,192,0,0,73,0,0,0,0,20,0,20,0,20,0,20,0,0,0,179,0,0,0,0,0,0,0,36,0,36,0,36,0,36,0,0,8,194,0,0,0
db 0,0,0,0,20,0,20,0,20,0,20,0,0,0,179,0,0,0,0,0,0,39,0,39,0,42,0,42,0,0,0,8,196,0,0,73,0,13,0,0,20,0,20,0,20,0,20,0,0,0,180,0,0,0,0,0,0,0,36,0,36,0,36,0,36,0,0,8,192,0
db 0,0,0,0,0,0,20,0,20,0,20,0,20,0,0,0,181,0,0,0,0,0,0,40,0,40,0,39,0,39,0,0,0,8,192,0,0,73,0,0,0,0,20,0,20,0,20,0,20,0,0,0,180,0,0,0,0,0,0,0,36,0,36,0,36,0,36,0,0,8
db 194,0,0,73,0,0,0,0,20,0,20,0,20,0,20,0,0,0,180,0,0,0,0,0,0,39,0,39,0,40,0,40,0,0,0,8,196,0,0,1,0,13,0,0,20,0,20,0,20,0,20,0,0,0,180,0,0,0,0,0,0,0,36,0,36,0,36,0,36,0
db 0,8,198,0,0,0,0,0,0,0,20,0,20,0,20,0,20,0,0,0,179,0,0,0,0,0,0,35,0,35,0,39,0,39,0,0,0,8,192,0,0,73,0,127,0,0,20,0,20,0,20,0,20,0,0,0,179,0,0,0,0,0,0,0,36,0,36,0,36,0
db 36,0,0,8,194,0,0,73,0,0,0,0,20,0,20,0,20,0,20,0,0,0,178,0,0,0,0,0,0,37,240,37,0,35,196,35,196,49,0,13,192,49,0,0,0,13,0,0,20,0,20,0,20,0,20,0,0,0,179,0,0,0,0,0,0,0,36,0,36,0
db 36,0,36,0,0,13,194,0,0,0,0,0,0,0,20,0,20,0,20,0,20,0,0,0,0,0,0,0,0,0,0,39,0,39,0,37,0,37,0,0,0,13,196,0,0,73,0,0,0,0,20,0,20,0,20,0,20,0,0,0,178,0,0,0,0,0,0,0,36,0
db 36,0,36,0,36,0,0,13,192,0,0,73,0,0,0,0,20,0,20,0,20,0,20,0,0,0,0,0,0,0,0,0,0,40,0,40,0,39,0,39,0,0,0,13,194,0,0,1,0,13,0,0,20,0,20,0,20,0,20,0,0,0,178,0,0,0,0,0,0,0
db 36,0,36,0,36,0,36,0,0,13,196,0,0,73,0,0,0,0,20,0,20,0,20,0,20,0,0,0,177,0,0,0,0,0,0,39,0,39,0,40,0,40,0,0,0,13,192,0,0,73,0,0,0,0,20,0,20,0,20,0,20,0,0,0,177,0,0,0,0,0
db 0,0,36,0,36,0,36,0,36,0,0,13,194,0,0,0,0,0,0,0,20,0,20,0,20,0,20,0,0,0,177,0,0,0,0,0,0,42,0,42,0,39,0,39,0,0,0,13,196,0,0,73,0,13,0,0,20,0,20,0,20,0,20,0,0,0,176,0,0,0
db 0,0,0,0,36,0,36,0,36,0,36,0,0,13,192,0,0,0,0,0,0,0,20,0,20,0,20,0,20,0,0,0,177,0,0,0,0,0,0,39,0,39,0,42,0,42,0,0,0,13,192,0,0,73,0,0,0,0,20,0,20,0,20,0,20,0,0,0,177,0
db 0,0,0,0,0,0,36,0,36,0,36,0,36,0,0,13,194,0,0,73,0,0,0,0,20,0,20,0,20,0,20,0,0,0,177,0,0,0,0,0,0,40,0,40,0,39,0,39,0,0,0,13,196,0,0,1,0,13,0,0,20,0,20,0,20,0,20,0,0,0
db 177,0,0,0,0,0,0,0,36,0,36,0,36,0,36,0,0,13,198,0,0,0,0,0,0,0,20,0,20,0,20,0,20,0,0,0,177,0,0,0,0,0,0,39,0,39,0,40,0,40,0,0,0,13,192,0,0,0,0,0,0,0,20,0,20,0,20,0,20,0
db 0,0,176,0,0,0,0,0,0,0,36,0,36,0,36,0,36,0,0,13,194,0,0,73,0,0,0,0,20,0,20,0,20,0,20,0,0,0,177,0,0,0,0,0,0,37,0,37,0,39,0,39,0,0,0,13,192,0,0,0,0,13,0,0,20,0,20,0,20,0
db 20,0,0,0,177,0,0,0,0,0,0,0,36,0,36,0,36,0,36,0,0,13,194,0,0,0,0,0,0,0,20,0,20,0,20,0,20,0,0,0,177,0,0,0,0,0,0,39,0,39,0,37,0,37,0,0,0,13,196,0,0,73,0,0,0,0,20,0,20,0
db 20,0,20,0,0,0,178,0,0,0,0,0,0,0,36,0,36,0,36,0,36,0,0,13,192,0,0,73,0,0,0,0,20,0,20,0,20,0,20,0,0,0,178,0,0,0,0,0,0,40,0,40,0,39,0,39,0,0,0,13,194,0,0,1,0,13,0,0,20,0
db 20,0,20,0,20,0,0,0,178,0,0,0,0,0,0,0,36,0,36,0,36,0,36,0,0,13,196,0,0,0,0,0,0,0,20,0,20,0,20,0,20,0,0,0,179,0,0,0,0,0,0,42,0,42,0,40,0,40,0,0,0,13,192,0,0,73,0,0,0,0
db 20,0,20,0,20,0,20,0,0,0,179,0,0,0,0,0,0,0,36,0,36,0,36,0,36,0,0,13,194,0,0,0,0,0,0,0,20,0,20,0,20,0,20,0,0,0,179,0,0,0,0,0,0,39,0,39,0,42,0,42,0,127,0,13,196,0,0,73,0,13
db 0,0,20,0,20,0,20,0,20,128,9,0,180,0,0,0,0,0,0,0,36,0,36,0,36,0,36,0,0,13,192,127,0,0,0,0,0,0,20,0,20,0,20,0,20,0,0,0,181,128,10,0,0,0,0,40,0,40,0,39,0,39,0,0,0,13,192,0,0,73
db 0,0,0,0,20,0,20,0,20,0,20,0,0,0,180,0,0,0,0,0,0,0,36,0,36,0,36,0,36,0,0,13,194,0,0,73,0,0,0,0,20,0,20,0,20,0,20,0,0,0,180,0,0,0,0,0,0,39,0,39,0,40,0,40,0,0,0,13,196,0
db 0,1,0,13,0,0,20,0,20,0,20,0,20,0,0,0,180,0,0,0,0,0,0,0,36,0,36,0,36,0,36,0,0,13,198,0,0,0,0,0,0,0,20,0,20,0,20,0,20,0,0,0,179,0,0,0,0,0,0,35,0,35,0,39,0,39,0,0,0,13
db 192,0,0,73,0,127,0,0,20,0,20,0,20,0,20,0,0,0,179,0,0,0,0,0,0,0,36,0,36,0,36,0,36,0,0,13,194,0,0,73,0,0,0,0,20,0,20,0,20,0,20,0,0,0,178,0,0,0,0,0,0,37,240,37,0,35,196,35,196,25
db 192,13,192,25,192,0,0,13,0,0,20,0,20,0,20,0,20,0,192,0,179,0,192,0,0,0,0,0,36,0,36,0,36,0,36,25,193,13,194,25,193,0,0,0,0,0,20,0,20,0,20,0,20,0,193,0,0,0,193,0,0,0,0,39,0,39,0,37,0,37
db 0,25,194,13,196,25,194,73,0,0,0,0,20,0,20,0,20,0,20,0,194,0,178,0,194,0,0,0,0,0,36,0,36,0,36,0,36,28,195,13,192,28,195,73,0,0,0,0,20,0,20,0,20,0,20,0,195,0,0,0,195,0,0,0,0,40,0,40,0,39
db 0,39,0,30,192,13,194,30,192,1,0,13,0,0,20,0,20,0,20,0,20,0,192,0,178,0,192,0,0,0,0,0,36,0,36,0,36,0,36,28,193,13,196,28,193,73,0,0,0,0,20,0,20,0,20,0,20,0,193,0,177,0,193,0,0,0,0,39,0,39
db 0,40,0,40,0,30,194,13,192,30,194,73,0,0,0,0,20,0,20,0,20,0,20,0,194,0,177,0,194,0,0,0,0,0,36,0,36,0,36,0,36,32,195,13,194,32,195,0,0,0,0,0,20,0,20,0,20,0,20,0,195,0,177,0,195,0,0,0,0,42
db 0,42,0,39,0,39,0,28,192,16,196,28,192,73,0,13,0,0,20,0,20,0,20,0,20,0,192,0,176,0,192,0,0,0,0,0,36,0,36,0,36,0,36,25,193,16,192,25,193,0,0,0,0,0,20,0,20,0,20,0,20,0,193,0,177,0,193,0,0,0
db 0,39,0,39,0,42,0,42,0,28,194,16,192,28,194,73,0,0,0,0,20,0,20,0,20,0,20,0,194,0,177,0,194,0,0,0,0,0,36,0,36,0,36,0,36,30,195,16,194,30,195,73,0,0,0,0,20,0,20,0,20,0,20,0,195,0,177,0,195,0
db 0,0,0,40,0,40,0,39,0,39,0,32,192,16,196,32,192,1,0,13,0,0,20,0,20,0,20,0,20,0,192,0,177,0,192,0,0,0,0,0,36,0,36,0,36,0,36,30,193,16,198,30,193,0,0,0,0,0,20,0,20,0,20,0,20,0,193,0,177,0
db 193,0,0,0,0,39,0,39,0,40,0,40,0,32,194,16,192,32,194,0,0,0,0,0,20,0,20,0,20,0,20,0,194,0,176,0,194,0,0,0,0,0,36,0,36,0,36,0,36,30,195,16,194,30,195,73,0,0,0,0,20,0,20,0,20,0,20,0,195,0
db 177,0,195,0,0,0,0,37,0,37,0,39,0,39,0,37,192,18,192,37,192,0,0,13,0,0,20,0,20,0,20,0,20,0,192,0,177,0,192,0,0,0,0,0,36,0,36,0,36,0,36,35,193,18,194,35,193,0,0,0,0,0,20,0,20,0,20,0,20,0
db 193,0,177,0,193,0,0,0,0,39,0,39,0,37,0,37,0,37,194,18,196,37,194,73,0,0,0,0,20,0,20,0,20,0,20,0,194,0,178,0,194,0,0,0,0,0,36,0,36,0,36,0,36,32,195,18,192,32,195,73,0,0,0,0,20,0,20,0,20,0
db 20,0,195,0,178,0,195,0,0,0,0,40,0,40,0,39,0,39,0,37,192,18,194,37,192,1,0,13,0,0,20,0,20,0,20,0,20,0,192,0,178,0,192,0,0,0,0,0,36,0,36,0,36,0,36,30,193,18,196,30,193,0,0,0,0,0,20,0,20,0
db 20,0,20,0,193,0,179,0,193,0,0,0,0,42,0,42,0,40,0,40,0,32,194,18,192,32,194,73,0,0,0,0,20,0,20,0,20,0,20,0,194,0,179,0,194,0,0,0,0,0,36,0,36,0,36,0,36,33,195,18,194,33,195,0,0,0,0,0,20,0
db 20,0,20,0,20,0,195,0,179,0,195,0,0,0,0,39,0,39,0,42,0,42,0,39,192,20,196,39,192,73,0,13,0,0,20,0,20,0,20,0,20,0,192,0,180,0,192,0,0,0,0,0,36,0,36,0,36,0,36,32,193,20,192,32,193,0,0,0,0,0
db 20,0,20,0,20,0,20,0,193,0,181,0,193,0,0,0,0,40,0,40,0,39,0,39,0,37,194,20,192,37,194,73,0,0,0,0,20,0,20,0,20,0,20,0,194,0,180,0,194,0,0,0,0,0,36,0,36,0,36,0,36,32,195,20,194,32,195,73,0,0
db 0,0,20,0,20,0,20,0,20,0,195,0,180,0,195,0,0,0,0,39,0,39,0,40,0,40,0,35,192,20,196,35,192,1,0,13,0,0,20,0,20,0,20,0,20,0,192,0,180,0,192,0,0,0,0,0,36,0,36,0,36,0,36,32,193,20,198,32,193,0
db 0,0,0,0,20,0,20,0,20,0,20,0,193,0,179,0,193,0,0,0,0,35,0,35,0,39,0,39,0,30,194,20,192,30,194,73,0,127,0,0,20,0,20,0,20,0,20,0,194,0,179,0,194,0,0,0,0,0,36,0,36,0,36,0,36,28,195,20,194,28
db 195,73,0,0,0,0,20,0,20,0,20,0,20,0,195,0,178,0,195,0,0,0,0,37,240,37,0,56,192,51,200,25,192,13,192,25,192,0,0,13,0,0,20,0,20,0,21,0,21,0,192,0,179,0,192,0,0,0,0,0,36,0,36,0,37,0,37,25,193,13
db 194,25,193,0,0,0,0,0,20,0,20,0,21,0,21,0,193,0,0,0,193,0,0,0,0,39,0,39,0,54,0,56,194,25,194,13,196,25,194,73,0,0,0,0,20,0,20,0,21,0,21,0,194,0,178,0,194,0,0,0,0,0,36,0,36,0,37,0,37,28
db 195,13,192,28,195,73,0,0,0,0,20,0,20,0,21,0,21,0,195,0,0,0,195,0,0,0,0,40,0,40,0,56,0,54,0,30,192,13,194,30,192,1,0,13,0,0,20,0,20,0,21,0,21,0,192,0,178,0,192,0,0,0,0,0,36,0,36,0,37,0
db 37,28,193,13,196,28,193,73,0,0,0,0,20,0,20,0,21,0,21,0,193,0,177,0,193,0,0,0,0,39,0,39,0,54,0,56,0,30,194,13,192,30,194,73,0,0,0,0,20,0,20,0,21,0,21,0,194,0,177,0,194,0,0,0,0,0,36,0,36,0
db 37,0,37,32,195,13,194,32,195,0,0,0,0,0,20,0,20,0,21,0,21,0,195,0,177,0,195,0,0,0,0,42,0,42,0,52,0,54,0,28,192,16,196,28,192,73,0,13,0,0,20,0,20,0,21,0,21,0,192,0,176,0,192,0,0,0,0,0,36,0
db 36,0,37,0,37,25,193,16,192,25,193,0,0,0,0,0,20,0,20,0,21,0,21,0,193,0,177,0,193,0,0,0,0,39,0,39,0,0,37,52,0,28,194,16,192,28,194,73,0,0,0,0,20,0,20,0,21,0,21,0,194,0,177,0,194,0,0,0,0,0
db 36,0,36,0,37,0,37,30,195,16,194,30,195,73,0,0,0,0,20,0,20,0,21,0,21,0,195,0,177,0,195,0,0,0,0,40,0,40,0,49,0,52,196,32,192,16,196,32,192,1,0,13,0,0,20,0,20,0,21,0,21,0,192,0,177,0,192,0,0,0
db 0,0,36,0,36,0,37,0,37,30,193,16,198,30,193,0,0,0,0,0,20,0,20,0,21,0,21,0,193,0,177,0,193,0,0,0,0,39,0,39,0,0,37,49,194,32,194,16,192,32,194,0,0,0,0,0,20,0,20,0,21,0,21,0,194,0,176,0,194,0
db 0,0,0,0,36,0,36,0,37,0,37,30,195,16,194,30,195,73,0,0,0,0,20,0,20,0,21,0,21,0,195,0,177,0,195,0,0,0,0,37,0,37,0,56,0,49,196,37,192,18,192,37,192,0,0,13,0,0,20,0,20,0,21,0,21,0,192,0,177,0
db 192,0,0,0,0,0,36,0,36,0,37,0,37,35,193,18,194,35,193,0,0,0,0,0,20,0,20,0,21,0,21,0,193,0,177,0,193,0,0,0,0,39,0,39,0,54,0,56,194,37,194,18,196,37,194,73,0,0,0,0,20,0,20,0,21,0,21,0,194,0
db 178,0,194,0,0,0,0,0,36,0,36,0,37,0,37,32,195,18,192,32,195,73,0,0,0,0,20,0,20,0,21,0,21,0,195,0,178,0,195,0,0,0,0,40,0,40,0,56,0,54,0,37,192,18,194,37,192,1,0,13,0,0,20,0,20,0,21,0,21,0
db 192,0,178,0,192,0,0,0,0,0,36,0,36,0,37,0,37,30,193,18,196,30,193,0,0,0,0,0,20,0,20,0,21,0,21,0,193,0,179,0,193,0,0,0,0,42,0,42,0,54,0,56,0,32,194,18,192,32,194,73,0,0,0,0,20,0,20,0,21,0
db 21,0,194,0,179,0,194,0,0,0,0,0,36,0,36,0,37,0,37,33,195,18,194,33,195,0,0,0,0,0,20,0,20,0,21,0,21,0,195,0,179,0,195,0,0,0,0,39,0,39,0,51,0,54,0,39,192,20,196,39,192,73,0,13,0,0,20,0,20,0
db 21,0,21,0,192,0,180,0,192,0,0,0,0,0,36,0,36,0,37,0,37,32,193,20,192,32,193,0,0,0,0,0,20,0,20,0,21,0,21,0,193,0,181,0,193,0,0,0,0,40,0,40,0,0,37,51,0,37,194,20,192,37,194,73,0,0,0,0,20,0
db 20,0,21,0,21,0,194,0,180,0,194,0,0,0,0,0,36,0,36,0,37,0,37,32,195,20,194,32,195,73,0,0,0,0,20,0,20,0,21,0,21,0,195,0,180,0,195,0,0,0,0,39,0,39,0,0,37,51,196,35,192,20,196,35,192,1,0,13,0,0
db 20,0,20,0,21,0,21,0,192,0,180,0,192,0,0,0,0,0,36,0,36,0,37,0,37,32,193,20,198,32,193,0,0,0,0,0,20,0,20,0,21,0,21,0,193,0,179,0,193,0,0,0,0,35,0,35,0,0,37,51,198,30,194,20,192,30,194,73,0,127
db 0,0,20,0,20,0,21,0,21,0,194,0,179,0,194,0,0,0,0,0,36,0,36,0,37,0,37,28,195,20,194,28,195,73,0,0,0,0,20,0,20,0,21,0,21,0,195,0,178,0,195,0,0,0,0,37,240,37,0,56,192,63,200,25,192,13,192,25,192,0
db 0,13,0,0,20,0,20,0,21,0,21,0,192,0,179,0,192,0,0,0,0,0,36,0,36,0,37,0,37,25,193,13,194,25,193,0,0,0,0,0,20,0,20,0,21,0,21,0,193,0,0,0,193,0,0,0,0,39,0,39,0,54,0,56,194,25,194,13,196,25
db 194,73,0,0,0,0,20,0,20,0,21,0,21,0,194,0,178,0,194,0,0,0,0,0,36,0,36,0,37,0,37,28,195,13,192,28,195,73,0,0,0,0,20,0,20,0,21,0,21,0,195,0,0,0,195,0,0,0,0,40,0,40,0,56,0,54,0,30,192,13
db 194,30,192,1,0,13,0,0,20,0,20,0,21,0,21,0,192,0,178,0,192,0,0,0,0,0,36,0,36,0,37,0,37,28,193,13,196,28,193,73,0,0,0,0,20,0,20,0,21,0,21,0,193,0,177,0,193,0,0,0,0,39,0,39,0,54,0,56,0,30
db 194,13,192,30,194,73,0,0,0,0,20,0,20,0,21,0,21,0,194,0,177,0,194,0,0,0,0,0,36,0,36,0,37,0,37,32,195,13,194,32,195,0,0,0,0,0,20,0,20,0,21,0,21,0,195,0,177,0,195,0,0,0,0,42,0,42,0,52,0,54
db 0,28,192,16,196,28,192,73,0,13,0,0,20,0,20,0,21,0,21,0,192,0,176,0,192,0,0,0,0,0,36,0,36,0,37,0,37,25,193,16,192,25,193,0,0,0,0,0,20,0,20,0,21,0,21,0,193,0,177,0,193,0,0,0,0,39,0,39,0,0
db 37,52,0,28,194,16,192,28,194,73,0,0,0,0,20,0,20,0,21,0,21,0,194,0,177,0,194,0,0,0,0,0,36,0,36,0,37,0,37,30,195,16,194,30,195,73,0,0,0,0,20,0,20,0,21,0,21,0,195,0,177,0,195,0,0,0,0,40,0,40
db 0,49,0,52,196,32,192,16,196,32,192,1,0,13,0,0,20,0,20,0,21,0,21,0,192,0,177,0,192,0,0,0,0,0,36,0,36,0,37,0,37,30,193,16,198,30,193,0,0,0,0,0,20,0,20,0,21,0,21,0,193,0,177,0,193,0,0,0,0,39
db 0,39,0,0,37,49,194,32,194,16,192,32,194,0,0,0,0,0,20,0,20,0,21,0,21,0,194,0,176,0,194,0,0,0,0,0,36,0,36,0,37,0,37,30,195,16,194,30,195,73,0,0,0,0,20,0,20,0,21,0,21,0,195,0,177,0,195,0,0,0
db 0,37,0,37,0,56,0,49,196,37,192,18,192,37,192,0,0,13,0,0,20,0,20,0,21,0,21,0,192,0,177,0,192,0,0,0,0,0,36,0,36,0,37,0,37,35,193,18,194,35,193,0,0,0,0,0,20,0,20,0,21,0,21,0,193,0,177,0,193,0
db 0,0,0,39,0,39,0,57,0,56,194,37,194,18,196,37,194,73,0,0,0,0,20,0,20,0,21,0,21,0,194,0,178,0,194,0,0,0,0,0,36,0,36,0,37,0,37,32,195,18,192,32,195,73,0,0,0,0,20,0,20,0,21,0,21,0,195,0,178,0
db 195,0,0,0,0,40,0,40,0,59,0,57,0,37,192,18,194,37,192,1,0,13,0,0,20,0,20,0,21,0,21,0,192,0,178,0,192,0,0,0,0,0,36,0,36,0,37,0,37,30,193,18,196,30,193,0,0,0,0,0,20,0,20,0,21,0,21,0,193,0
db 179,0,193,0,0,0,0,42,0,42,0,64,0,59,0,32,194,18,192,32,194,73,0,0,0,0,20,0,20,0,21,0,21,0,194,0,179,0,194,0,0,0,0,0,36,0,36,0,37,0,37,33,195,18,194,33,195,0,0,0,0,0,20,0,20,0,21,0,21,0
db 195,0,179,0,195,0,0,0,0,39,0,39,0,63,0,64,0,39,192,20,196,39,192,73,0,13,0,0,20,0,20,0,21,0,21,0,192,0,180,0,192,0,0,0,0,0,36,0,36,0,37,0,37,32,193,20,192,32,193,0,0,0,0,0,20,0,20,0,21,0
db 21,0,193,0,181,0,193,0,0,0,0,40,0,40,0,0,37,63,0,37,194,20,192,37,194,73,0,0,0,0,20,0,20,0,21,0,21,0,194,0,180,0,194,0,0,0,0,0,36,0,36,0,37,0,37,32,195,20,194,32,195,73,0,0,0,0,20,0,20,0
db 21,0,21,0,195,0,180,0,195,0,0,0,0,39,0,39,0,0,37,63,196,35,192,20,196,35,192,1,0,13,0,0,20,0,20,0,21,0,21,0,192,0,180,0,192,0,0,0,0,0,36,0,36,0,37,0,37,32,193,20,198,32,193,0,0,0,0,0,20,0
db 20,0,21,0,21,0,193,0,179,0,193,0,0,0,0,35,0,35,0,0,37,63,198,30,194,20,192,30,194,73,0,127,0,0,20,0,20,0,21,0,21,0,194,0,179,0,194,0,0,0,0,0,36,0,36,0,37,0,37,28,195,20,194,28,195,73,0,0,0,0
db 20,0,20,0,21,0,21,0,195,0,178,0,195,0,0,0,0,49,240,49,240,127,0,127,0,127,0,13,192,128,11,0,0,13,192,0,20,0,20,128,9,0,0,0,0,0,179,127,0,0,0,0,0,0,36,0,36,0,0,128,9,0,0,13,194,0,0,0,0,0
db 0,0,20,0,20,0,0,0,0,128,9,0,0,0,0,0,0,0,0,44,0,44,0,25,0,28,0,32,0,13,196,49,0,73,0,13,194,0,20,0,20,0,0,0,0,0,0,0,178,0,19,0,0,0,0,0,36,0,36,0,0,0,0,0,0,13,192,0,35,73
db 0,0,0,0,20,0,20,0,0,0,0,0,0,0,0,0,19,0,0,0,0,47,0,47,0,25,195,28,195,32,195,13,194,49,0,1,0,13,192,0,20,0,20,0,0,0,0,0,0,0,178,0,19,0,0,0,0,0,36,0,36,0,0,0,0,0,0,13,196,0
db 35,73,0,0,0,0,20,0,20,0,0,0,0,0,0,0,177,0,19,0,0,0,0,44,0,44,0,25,192,28,192,32,192,13,192,47,0,73,0,13,194,0,20,0,20,0,0,0,0,0,0,0,177,0,19,0,0,0,0,0,36,0,36,0,0,0,0,0,0,13
db 194,0,35,0,0,0,0,0,20,0,20,0,0,0,0,0,0,0,177,0,19,0,0,0,0,45,0,45,0,25,195,28,195,32,195,18,196,49,0,73,0,13,192,0,20,0,20,0,0,0,0,0,0,0,176,0,19,0,0,0,0,0,36,0,36,0,0,0,0,0
db 0,18,192,0,35,0,0,0,0,0,20,0,20,0,0,0,0,0,0,0,177,0,19,0,0,0,0,42,0,42,0,25,192,30,192,33,192,18,192,0,35,73,0,13,194,0,20,0,20,0,0,0,0,0,0,0,177,0,19,0,0,0,0,0,36,0,36,0,0,0
db 0,0,0,18,194,0,35,73,0,0,0,0,20,0,20,0,0,0,0,0,0,0,177,0,19,0,0,0,0,47,0,47,0,25,195,30,195,33,195,16,196,52,0,1,0,13,192,0,20,0,20,0,0,0,0,0,0,0,177,0,19,0,0,0,0,0,36,0,36,0
db 0,0,0,0,0,16,198,0,35,0,0,0,0,0,20,0,20,0,0,0,0,0,0,0,177,0,19,0,0,0,0,40,0,40,0,23,192,28,192,32,192,16,192,0,35,0,0,13,194,0,20,0,20,0,0,0,0,0,0,0,176,0,19,0,0,0,0,0,36,0
db 36,0,0,0,0,0,0,16,194,0,35,73,0,0,0,0,20,0,20,0,0,0,0,0,0,0,177,0,19,0,0,0,0,49,0,49,0,23,195,28,195,32,195,13,192,0,35,0,0,13,192,0,20,0,20,0,0,0,0,0,0,0,177,0,19,0,0,0,0,0
db 36,0,36,0,0,0,0,0,0,13,194,0,35,0,0,0,0,0,20,0,20,0,0,0,0,0,0,0,177,0,19,0,0,0,0,44,0,44,0,25,192,28,192,32,192,13,196,49,0,73,0,13,194,0,20,0,20,0,0,0,0,0,0,0,178,127,19,0,0,0
db 0,0,36,0,36,0,0,0,0,0,0,13,192,0,35,73,0,0,0,0,20,0,20,0,0,0,0,0,0,0,178,0,19,0,0,0,0,47,0,47,0,25,195,28,195,32,195,13,194,49,0,1,0,13,192,0,20,0,20,0,0,0,0,0,0,0,178,0,19,0
db 0,0,0,0,36,0,36,0,0,0,0,0,0,13,196,0,35,0,0,0,0,0,20,0,20,0,0,0,0,0,0,0,179,0,19,0,0,0,0,44,0,44,0,25,192,28,192,32,192,13,192,47,0,73,0,13,194,0,20,0,20,0,0,0,0,0,0,0,179,0
db 19,0,0,0,0,0,36,0,36,0,0,0,0,0,0,13,194,0,35,0,0,0,0,0,20,0,20,0,0,0,0,0,0,0,179,0,19,0,0,0,0,51,0,51,0,25,195,28,195,32,195,11,196,44,0,73,0,13,192,0,20,0,20,0,0,0,0,0,0,0
db 180,0,19,0,0,0,0,0,36,0,36,0,0,0,0,0,0,11,192,0,35,0,0,0,0,0,20,0,20,0,0,0,0,0,0,0,181,0,19,0,0,0,0,47,0,47,0,23,192,27,192,30,192,11,192,0,35,73,0,13,194,0,20,0,20,0,0,0,0,0
db 0,0,180,0,19,0,0,0,0,0,36,0,36,0,0,0,0,0,0,11,194,0,35,73,0,0,0,0,20,0,20,0,0,0,0,0,0,0,180,0,19,0,0,0,0,44,0,44,0,23,195,27,195,30,195,8,196,0,35,1,0,13,192,0,20,0,20,0,0,0
db 0,0,0,0,180,0,19,0,0,0,0,0,36,0,36,0,0,0,0,0,0,8,198,0,35,0,0,0,0,0,20,0,20,0,0,0,0,0,0,0,179,0,19,0,0,0,0,39,0,39,0,20,192,24,192,27,192,8,192,0,35,73,0,13,194,0,20,0,20,0
db 0,0,0,0,0,0,179,0,19,0,0,0,0,0,36,0,36,0,0,0,0,0,0,8,194,0,35,73,0,0,0,0,20,0,20,0,0,0,0,0,0,0,178,0,19,0,0,0,0,49,240,49,240,127,0,127,0,127,0,13,192,0,19,0,0,13,192,0,20,0
db 20,128,9,0,0,0,0,0,179,0,35,0,0,0,0,0,36,0,36,0,0,128,9,0,0,13,194,0,19,0,0,0,0,0,20,0,20,0,0,0,0,128,9,0,0,0,35,0,0,0,0,44,0,44,0,25,0,28,0,32,0,13,196,49,0,73,0,13,194,0
db 20,0,20,0,0,0,0,0,0,0,178,127,19,0,0,0,0,0,36,0,36,0,0,0,0,0,0,13,192,0,35,73,0,0,0,0,20,0,20,0,0,0,0,0,0,0,0,0,19,0,0,0,0,47,0,47,0,25,195,28,195,32,195,13,194,49,0,1,0,13
db 192,0,20,0,20,0,0,0,0,0,0,0,178,0,19,0,0,0,0,0,36,0,36,0,0,0,0,0,0,13,196,0,35,73,0,0,0,0,20,0,20,0,0,0,0,0,0,0,177,0,19,0,0,0,0,44,0,44,0,25,192,28,192,32,192,13,192,47,0,73
db 0,13,194,0,20,0,20,0,0,0,0,0,0,0,177,0,19,0,0,0,0,0,36,0,36,0,0,0,0,0,0,13,194,0,35,0,0,0,0,0,20,0,20,0,0,0,0,0,0,0,177,0,19,0,0,0,0,45,0,45,0,25,195,28,195,32,195,18,196,49
db 0,73,0,13,192,0,20,0,20,0,0,0,0,0,0,0,176,0,19,0,0,0,0,0,36,0,36,0,0,0,0,0,0,18,192,0,35,0,0,0,0,0,20,0,20,0,0,0,0,0,0,0,177,0,19,0,0,0,0,42,0,42,0,25,192,30,192,33,192,18
db 192,54,0,73,0,13,194,0,20,0,20,0,0,0,0,0,0,0,177,0,19,0,0,0,0,0,36,0,36,0,0,0,0,0,0,18,194,0,35,73,0,0,0,0,20,0,20,0,0,0,0,0,0,0,177,0,19,0,0,0,0,47,0,47,0,25,195,30,195,33
db 195,16,196,52,0,1,0,13,192,0,20,0,20,0,0,0,0,0,0,0,177,127,19,0,0,0,0,0,36,0,36,0,0,0,0,0,0,16,198,51,0,0,0,0,0,0,20,0,20,0,0,0,0,0,0,0,177,127,19,0,0,0,0,40,0,40,0,23,192,28
db 192,32,192,16,192,49,0,0,0,13,194,0,20,0,20,0,0,0,0,0,0,0,176,0,19,0,0,0,0,0,36,0,36,0,0,0,0,0,0,16,194,0,35,73,0,0,0,0,20,0,20,0,0,0,0,0,0,0,177,0,19,0,0,0,0,49,0,49,0,23
db 195,28,195,32,195,13,192,52,0,0,0,13,192,0,20,0,20,0,0,0,0,0,0,0,177,0,19,0,0,0,0,0,36,0,36,0,0,0,0,0,0,13,194,51,0,0,0,0,0,0,20,0,20,0,0,0,0,0,0,0,177,0,19,0,0,0,0,44,0,44
db 0,25,192,28,192,32,192,13,196,49,0,73,0,13,194,0,20,0,20,0,0,0,0,0,0,0,178,127,19,0,0,0,0,0,36,0,36,0,0,0,0,0,0,13,192,52,0,73,0,0,0,0,20,0,20,0,0,0,0,0,0,0,178,127,19,0,0,0,0,47
db 0,47,0,25,195,28,195,32,195,13,194,51,0,1,0,13,192,0,20,0,20,0,0,0,0,0,0,0,178,0,19,0,0,0,0,0,36,0,36,0,0,0,0,0,0,13,196,49,0,0,0,0,0,0,20,0,20,0,0,0,0,0,0,0,179,0,19,0,0,0
db 0,44,0,44,0,25,192,28,192,32,192,13,192,52,0,73,0,13,194,0,20,0,20,0,0,0,0,0,0,0,179,127,19,0,0,0,0,0,36,0,36,0,0,0,0,0,0,13,194,51,0,0,0,0,0,0,20,0,20,0,0,0,0,0,0,0,179,127,19,0
db 0,0,0,39,0,39,0,20,195,24,195,27,195,8,196,48,0,73,0,13,192,0,20,0,20,0,0,0,0,0,0,0,180,0,19,0,0,0,0,0,36,0,36,0,0,0,0,0,0,8,192,44,0,0,0,0,0,0,20,0,20,0,0,0,0,0,0,0,181,0
db 19,0,0,0,0,44,0,44,0,20,192,24,192,27,192,8,192,46,0,73,0,13,194,0,20,0,20,0,0,0,0,0,0,0,180,127,195,0,0,0,0,0,36,0,36,0,0,0,0,0,0,8,194,48,0,73,0,0,0,0,20,0,20,0,0,0,0,0,0,0
db 180,127,196,0,0,0,0,48,0,48,0,20,195,24,195,27,195,8,196,51,192,1,0,13,192,0,20,0,20,0,0,0,0,0,0,0,180,127,195,0,0,0,0,0,36,0,36,0,0,0,0,0,0,8,198,44,192,0,0,0,0,0,20,0,20,0,0,0,0,0
db 0,0,179,127,196,0,0,0,0,44,0,44,0,20,192,24,192,27,192,8,192,46,192,73,0,13,194,0,20,0,20,0,0,0,0,0,0,0,179,127,196,0,0,0,0,0,36,0,36,0,0,0,0,0,0,8,194,48,192,73,0,0,0,0,20,0,20,0,0,0
db 0,0,0,0,178,127,0,0,0,0,0,37,240,37,0,127,0,127,0,0,0,13,192,0,0,127,0,13,0,0,20,0,20,0,0,128,1,0,0,0,179,127,0,0,0,0,0,0,36,0,36,0,0,0,0,0,0,13,194,0,0,128,7,0,0,0,20,0,20,128
db 0,0,0,127,0,0,0,0,0,0,0,0,0,39,0,39,0,0,0,0,0,0,0,13,196,0,0,0,0,0,0,0,20,0,20,0,0,0,0,128,9,0,178,0,0,0,0,0,0,0,36,0,36,0,0,0,0,0,0,13,192,128,10,0,0,0,0,0,20,0
db 20,0,0,0,0,0,0,0,0,0,0,0,0,0,0,40,0,40,0,37,195,37,195,25,0,13,194,32,0,0,0,13,0,0,20,0,20,0,0,0,0,0,0,0,178,0,0,0,0,0,0,0,36,0,36,0,0,0,0,0,0,13,196,0,0,0,0,0,0,0
db 20,0,20,0,0,0,0,0,0,0,177,0,0,0,0,0,0,39,0,39,0,39,0,39,0,0,0,13,192,0,0,0,0,0,0,0,20,0,20,0,0,0,0,0,0,0,177,0,0,0,0,0,0,0,36,0,36,0,0,0,0,0,0,13,194,0,0,0,0,0
db 0,0,20,0,20,0,0,0,0,0,0,0,177,0,0,0,0,0,0,42,0,42,0,40,0,40,0,25,0,13,196,30,0,0,0,13,0,0,20,0,20,0,0,0,0,0,0,0,176,0,0,0,0,0,0,0,36,0,36,0,0,0,0,0,0,13,192,0,0,0
db 0,0,0,0,20,0,20,0,0,0,0,0,0,0,177,0,0,0,0,0,0,39,0,39,0,39,0,39,0,0,0,13,192,0,0,0,0,0,0,0,20,0,20,0,0,0,0,0,0,0,177,0,0,0,0,0,0,0,36,0,36,0,0,0,0,0,0,13,194,0
db 0,0,0,0,0,0,20,0,20,0,0,0,0,0,0,0,177,0,0,0,0,0,0,40,0,40,0,42,0,42,0,25,0,13,196,28,0,0,0,13,0,0,20,0,20,0,0,0,0,0,0,0,177,0,0,0,0,0,0,0,36,0,36,0,0,0,0,0,0,13
db 198,0,0,0,0,0,0,0,20,0,20,0,0,0,0,0,0,0,177,0,0,0,0,0,0,39,0,39,0,39,0,39,0,0,0,13,192,0,0,0,0,0,0,0,20,0,20,0,0,0,0,0,0,0,176,0,0,0,0,0,0,0,36,0,36,0,0,0,0,0
db 0,13,194,0,0,0,0,0,0,0,20,0,20,0,0,0,0,0,0,0,177,0,0,0,0,0,0,37,0,37,0,40,0,40,0,25,0,13,192,27,0,0,0,13,0,0,20,0,20,0,0,0,0,0,0,0,177,0,0,0,0,0,0,0,36,0,36,0,0,0
db 0,0,0,13,194,0,0,0,0,0,0,0,20,0,20,0,0,0,0,0,0,0,177,0,0,0,0,0,0,39,0,39,0,39,0,39,0,0,0,13,196,0,0,0,0,0,0,0,20,0,20,0,0,0,0,0,0,0,178,0,0,0,0,0,0,0,36,0,36,0
db 0,0,0,0,0,13,192,0,0,0,0,0,0,0,20,0,20,0,0,0,0,0,0,0,178,0,0,0,0,0,0,40,0,40,0,37,0,37,0,25,0,13,194,28,0,0,0,13,0,0,20,0,20,0,0,0,0,0,0,0,178,0,0,0,0,0,0,0,36,0
db 36,0,0,0,0,0,0,13,196,0,0,0,0,0,0,0,20,0,20,0,0,0,0,0,0,0,179,0,0,0,0,0,0,42,0,42,0,39,0,39,0,0,0,13,192,0,0,0,0,0,0,0,20,0,20,0,0,0,0,0,0,0,179,0,0,0,0,0,0,0
db 36,0,36,0,0,0,0,0,0,13,194,0,0,0,0,0,0,0,20,0,20,0,0,0,0,0,0,0,179,0,0,0,0,0,0,39,0,39,0,40,0,40,0,25,0,13,196,30,0,0,0,13,0,0,20,0,20,0,0,0,0,0,0,0,180,0,0,0,0,0
db 0,0,36,0,36,0,0,0,0,0,0,13,192,0,0,0,0,0,0,0,20,0,20,0,0,0,0,0,0,0,181,0,0,0,0,0,0,40,0,40,0,42,0,42,0,0,0,13,192,0,0,0,0,0,0,0,20,0,20,0,0,0,0,0,0,0,180,0,0,0
db 0,0,0,0,36,0,36,0,0,0,0,0,0,13,194,0,0,0,0,0,0,0,20,0,20,0,0,0,0,0,0,0,180,0,0,0,0,0,0,39,0,39,0,39,0,39,0,25,0,13,196,32,0,0,0,13,0,0,20,0,20,0,0,0,0,0,0,0,180,0
db 0,0,0,0,0,0,36,0,36,0,0,0,0,0,0,13,198,0,0,0,0,0,0,0,20,0,20,0,0,0,0,0,0,0,179,0,0,0,0,0,0,35,0,35,0,40,0,40,0,0,0,13,192,0,0,0,0,127,0,0,20,0,20,0,0,0,0,0,0,0
db 179,0,0,0,0,0,0,0,36,0,36,0,0,0,0,0,0,13,194,0,0,0,0,0,0,0,20,0,20,0,0,0,0,0,0,0,178,0,0,0,0,0,0,49,240,49,240,127,0,127,0,127,0,127,0,127,0,0,0,13,192,0,20,0,20,128,9,0,0,0
db 0,0,0,0,0,0,0,0,0,0,36,0,36,0,0,128,9,0,0,0,0,0,0,0,0,0,0,0,20,0,20,0,0,0,0,128,9,0,0,0,0,0,0,0,0,44,0,44,0,25,0,28,0,32,0,0,0,0,0,73,0,13,194,0,20,0,20,0,0,0
db 0,0,0,0,0,0,0,0,0,0,0,0,36,0,36,0,0,0,0,0,0,0,0,0,0,73,0,0,0,0,20,0,20,0,0,0,0,0,0,0,0,0,0,0,0,0,0,47,0,47,0,25,195,28,195,32,195,0,0,0,0,1,0,13,192,0,20,0,20,0
db 0,0,0,0,0,0,0,0,0,0,0,0,0,0,36,0,36,0,0,0,0,0,0,0,0,0,0,73,0,0,0,0,20,0,20,0,0,0,0,0,0,0,0,0,0,0,0,0,0,44,0,44,0,25,192,28,192,32,192,0,0,0,0,73,0,13,194,0,20,0
db 20,0,0,0,0,0,0,0,0,0,0,0,0,0,0,0,36,0,36,0,0,0,0,0,0,0,0,0,0,0,0,0,0,0,20,0,20,0,0,0,0,0,0,0,0,0,0,0,0,0,0,45,0,45,0,25,195,28,195,32,195,0,0,0,0,73,0,13,192,0
db 20,0,20,0,0,0,0,0,0,0,0,0,0,0,0,0,0,0,36,0,36,0,0,0,0,0,0,0,0,0,0,0,0,0,0,0,20,0,20,0,0,0,0,0,0,0,0,0,0,0,0,0,0,42,0,42,0,25,192,30,192,33,192,0,0,0,0,73,0,13
db 194,0,20,0,20,0,0,0,0,0,0,0,0,0,0,0,0,0,0,0,36,0,36,0,0,0,0,0,0,0,0,0,0,73,0,0,0,0,20,0,20,0,0,0,0,0,0,0,0,0,0,0,0,0,0,47,0,47,0,25,195,30,195,33,195,0,0,0,0,1
db 0,13,192,0,20,0,20,0,0,0,0,0,0,0,0,0,0,0,0,0,0,0,36,0,36,0,0,0,0,0,0,0,0,0,0,0,0,0,0,0,20,0,20,0,0,0,0,0,0,0,0,0,0,0,0,0,0,40,0,40,0,23,192,28,192,32,192,0,0,0
db 0,0,0,13,194,0,20,0,20,0,0,0,0,0,0,0,0,0,0,0,0,0,0,0,36,0,36,0,0,0,0,0,0,0,0,0,0,73,0,0,0,0,20,0,20,0,0,0,0,0,0,0,0,0,0,0,0,0,0,49,0,49,0,23,195,28,195,32,195,0
db 0,0,0,0,0,13,192,0,20,0,20,0,0,0,0,0,0,0,0,0,0,0,0,0,0,0,36,0,36,0,0,0,0,0,0,0,0,0,0,0,0,0,0,0,20,0,20,0,0,0,0,0,0,0,0,0,0,0,0,0,0,44,0,44,0,25,192,28,192,32
db 192,0,0,0,0,73,0,13,194,0,20,0,20,0,0,0,0,0,0,0,0,0,0,0,0,0,0,0,36,0,36,0,0,0,0,0,0,0,0,0,0,73,0,0,0,0,20,0,20,0,0,0,0,0,0,0,0,0,0,0,0,0,0,47,0,47,0,25,195,28
db 195,32,195,0,0,0,0,1,0,13,192,0,20,0,20,0,0,0,0,0,0,0,0,0,0,0,0,0,0,0,36,0,36,0,0,0,0,0,0,0,0,0,0,0,0,0,0,0,20,0,20,0,0,0,0,0,0,0,0,0,0,0,0,0,0,44,0,44,0,25
db 192,28,192,32,192,0,0,0,0,73,0,13,194,0,20,0,20,0,0,0,0,0,0,0,0,0,0,0,0,0,0,0,36,0,36,0,0,0,0,0,0,0,0,0,0,0,0,0,0,0,20,0,20,0,0,0,0,0,0,0,0,0,0,0,0,0,0,51,0,51
db 0,25,195,28,195,32,195,0,0,0,0,73,0,13,192,0,20,0,20,0,0,0,0,0,0,0,0,0,0,0,0,0,0,0,36,0,36,0,0,0,0,0,0,0,0,0,0,0,0,0,0,0,20,0,20,0,0,0,0,0,0,0,0,0,0,0,0,0,0,47
db 0,47,0,23,192,27,192,30,192,0,0,0,0,73,0,13,194,0,20,0,20,0,0,0,0,0,0,0,0,0,0,0,0,0,0,0,36,0,36,0,0,0,0,0,0,0,0,0,0,73,0,0,0,0,20,0,20,0,0,0,0,0,0,0,0,0,0,0,0,0
db 0,44,0,44,0,23,195,27,195,30,195,0,0,0,0,1,0,13,192,0,20,0,20,0,0,0,0,0,0,0,0,0,0,0,0,0,0,0,36,0,36,0,0,0,0,0,0,0,0,0,0,0,0,0,0,0,20,0,20,0,0,0,0,0,0,0,0,0,0,0
db 0,0,0,39,0,39,0,20,192,24,192,27,192,0,0,0,0,73,0,13,194,0,20,0,20,0,0,0,0,0,0,0,0,0,0,0,0,0,0,0,36,0,36,0,0,0,0,0,0,0,0,0,0,73,0,0,0,0,20,0,20,0,0,0,0,0,0,0,0,0
db 0,0,0,0,0,49,0,49,0,25,0,28,0,32,0,13,192,0,0,1,0,13,0,0,0,0,0,0,0,0,0,0,0,0,0,0,0,0,0,0,0,0,0,0,0,0,0,0,0,0,0,0,0,0,0,0,0,0,0,0,0,0,0,0,0,0,0,0,0,0
db 0,0,0,0,0,0,0,0,0,0,0,0,0,0,0,0,0,0,0,0,0,0,0,0,0,0,0,0,0,0,0,0,0,0,0,0,0,0,0,0,0,0,0,0,0,0,0,0,0,0,0,0,0,0,0,0,0,0,0,0,0,0,0,0,0,0,0,0,0,0
db 0,0,0,0,0,0,0,0,0,0,0,0,0,0,0,0,0,0,0,0,0,0,0,0,0,0,0,0,0,0,0,0,0,0,0,0,0,0,0,0,0,0,0,0,0,0,0,0,0,0,0,0,0,0,0,0,0,0,0,0,0,0,0,0,0,0,0,0,0,0
db 0,0,0,0,0,0,0,0,0,0,0,0,0,0,0,0,0,0,0,0,0,0,0,0,0,0,0,0,0,0,0,0,0,0,0,0,0,0,0,0,0,0,0,0,0,0,0,0,0,0,0,0,0,0,0,0,0,0,0,0,0,0,0,0,0,0,0,0,0,0
db 0,0,0,0,0,0,0,0,0,0,0,0,0,0,0,0,0,0,0,0,0,0,0,0,0,0,0,0,0,0,0,0,0,0,0,0,0,0,0,0,0,0,0,0,0,0,0,0,0,0,0,0,0,0,0,0,0,0,0,0,0,0,0,0,0,0,0,0,0,0
db 0,0,0,0,0,0,0,0,0,0,0,0,0,0,0,0,0,0,0,0,0,0,0,0,0,0,0,0,0,0,0,0,0,0,0,0,0,0,0,0,0,0,0,0,0,0,0,0,0,0,0,0,0,0,0,0,0,0,0,0,0,0,0,0,0,0,0,0,0,0
db 0,0,0,0,0,0,0,0,0,0,0,0,0,0,0,0,0,0,0,0,0,0,0,0,0,0,0,0,0,0,0,0,0,0,0,0,0,0,0,0,0,0,0,0,0,0,0,0,0,0,0,0,0,0,0,0,0,0,0,0,0,0,0,0,0,0,0,0,0,0
db 0,0,0,0,0,0,0,0,0,0,0,0,0,0,0,0,0,0,0,0,0,0,0,0,0,0,0,0,0,0,0,0,0,0,0,0,0,0,0,0,0,0,0,0,0,0,0,0,0,0,0,0,0,0,0,0,0,0,0,0,0,0,0,0,0,0,0,0,0,0
db 0,0,0,0,0,0,0,0,0,0,0,0,0,0,0,0,0,0,0,0,0,0,0,0,0,0,0,0,0,0,0,0,0,0,0,0,0,0,0,0,0,0,0,0,0,0,0,0,0,0,0,0,0,0,0,0,0,0,0,0,0,0,0,0,0,0,0,0,0,0
db 0,0,0,0,0,0,0,0,0,0,0,0,0,0,0,0,0,0,0,0,0,0,0,0,0,0,0,0,0,0,0,0,0,0,0,0,0,0,0,0,0,0,0,0,0,0,0,0,0,0,0,0,0,0,0,0,0,0,0,0,0,0,0,0,0,0,0,0,0,0
db 0,0,0,0,0,0,0,0,0,0,0,0,0,0,0,0,0,0,0,0,0,0,0,0,0,0,0,0,0,0,0,0,0,0,0,0,0,0,0,0,0,0,0,0,0,0,0,0,0,0,0,0,0,0,0,0,0,0,0,0,0,0,0,0,0,0,0,0,0,0
db 0,0,0,0,0,0,0,0,0,0,0,0,0,0,0,0,0,0,0,0,0,0,0,0,0,0,0,0,0,0,0,0,0,0,0,0,0,0,0,0,0,0,0,0,0,0,0,0,0,0,0,0,0,0,0,0,0,0,0,0,0,0,0,0,0,0,0,0,0,0
db 0,0,0,0,0,0,0,0,0,0,0,0,0,0,0,0,0,0,0,0,0,0,0,0,0,0,0,0,0,0,0,0,0,0,0,0,0,0,0,0,0,0,0,0,0,0,0,0,0,0,0,0,0,0,0,0,0,0,0,0,0,0,0,0,0,0,0,0,0,0
db 0,0,0,0,0,0,0,0,0,0,0,0,0,0,0,0,0,0,0,0,0,0,0,0,0,0,0,0,0,0,0,0,0,0,0,0,0,0,0,0,0,0,0,0,0,0,0,0,0,0,0,0,0,0,0,0,0,0,0,0,0,0,0,0,0,0,0,0,0,0
db 0,0,0,0,0,0,0,0,0,0,0,0,0,0,0,0,0,0,0,0,0,0,0,0,0,0,0,0,0,0,0,0,0,0,0,0,0,0,0,0,0,0,0,0,0,0,0,0,0,0,0,0,0,0,0,0,0,0,0,0,0,0,0,0,0,0,0,0,0,0
db 0,0,0,0,0,0,0,0,0,0,0,0,0,0,0,0,0,0,0,0,0,0,0,0,0,0,0,0,0,0,0,0,0,0,0,0,0,0,0,0,0,0,0,0,0,0,0,0,0,0,0,0,0,0,0,0,0,0,0,0,0,0,0,0,0,0,0,0,0,0
db 0,0,0,0,0,0,0,0,0,0,0,0,0,0,0,0,0,0,0,0,0,0,0,0,0,0,0,0,0,0,0,0,0,0,0,0,0,0
