db 226,194,0,32,102,117,246,247,6,3,0,0,226,226,4,4,246,242,245,244,2,0,0,0,192,224,0,0,246,168,248,88,8,0,0,0,226,8,6,26,246,244,247,247,0,0,2,0,240,207,0,0,245,240,244,132,14,0,0,0,48,192,8,0,240,248,244,84,4,0
db 0,0,226,232,0,31,245,243,246,243,12,1,2,0,0,0,0,0,0,0,0,0,0,0,0,0,0,0,0,0,0,0,0,0,0,0,0,0,0,0,0,0,0,0,0,0,0,0,0,0,0,0,0,0,0,0,0,0,0,0,0,0,0,0,0,0,0,0,0,0
db 0,0,0,0,0,0,0,0,0,0,0,0,0,0,0,0,0,0,0,0,0,0,0,0,0,0,0,0,0,0,0,0,0,0,0,0,0,0,0,0,0,0,0,0,0,0,0,0,0,0,0,0,0,0,0,0,0,0,0,0,0,0,0,0,0,0,0,0,0,0
db 0,0,0,0,0,0,0,0,0,0,0,0,0,0,0,0,0,0,0,0,0,0,0,0,0,0,0,0,0,0,0,0,0,0,0,0,0,0,0,0,0,0,0,0,0,0,0,0,0,0,0,0,0,0,0,0,0,0,0,0,0,0,0,0,0,0,0,0,0,0
db 0,0,0,0,0,0,0,0,0,0,0,0,0,0,0,0,0,0,0,0,0,0,0,0,0,0,0,0,0,0,0,0,0,0,0,0,0,0,0,0,0,0,0,0,0,0,0,0,0,0,0,0,0,0,0,0,0,0,0,0,0,0,0,0,0,0,0,0,0,0
db 0,0,0,0,0,0,0,0,0,0,0,0,0,0,0,0,0,0,0,0,0,0,0,0,0,0,0,0,0,0,0,0,0,0,0,0,0,0,0,0,0,0,0,0,0,0,0,0,0,0,0,0,0,0,0,0,0,0,0,0,0,0,0,0,0,0,0,0,0,0
db 0,0,0,0,0,0,0,0,0,0,0,0,0,0,0,0,0,0,0,0,0,0,0,0,0,0,0,0,0,0,0,0,0,0,0,0,0,0,0,0,0,0,0,0,0,0,0,0,0,0,0,0,0,0,0,0,0,0,0,0,0,0,0,0,0,0,0,0,0,0
db 0,0,0,0,0,0,0,0,0,0,0,0,0,0,0,0,0,0,0,0,0,0,0,0,0,0,0,0,0,0,0,0,0,0,0,0,0,0,0,0,0,0,0,0,0,0,0,0,0,0,0,0,0,0,0,0,0,0,0,0,0,0,0,0,0,0,0,0,0,0
db 0,0,0,0,0,0,0,0,0,0,0,0,0,0,0,0,0,0,0,0,0,0,0,0,0,0,0,0,0,0,0,0,0,0,0,0,0,0,0,0,0,0,0,0,0,0,0,0,0,0,0,0,0,0,0,0,0,0,0,0,0,0,0,0,0,0,0,0,0,0
db 0,0,0,0,0,0,0,0,0,0,0,0,0,0,0,0,0,0,0,0,0,0,0,0,0,0,0,0,0,0,0,0,0,0,0,0,0,0,0,0,0,0,0,0,0,0,0,0,0,0,0,0,0,0,0,0,0,0,0,0,0,0,0,0,0,0,0,0,0,0
db 0,0,0,0,0,0,0,0,0,0,0,0,0,0,0,0,0,0,0,0,0,0,0,0,0,0,0,0,0,0,0,0,0,0,0,0,0,0,0,0,0,0,0,0,0,0,0,0,0,0,0,0,0,0,0,0,0,0,0,0,0,0,0,0,0,0,0,0,0,0
db 0,0,0,0,0,0,0,0,0,0,0,0,0,0,0,0,0,0,0,0,0,0,0,0,0,0,0,0,0,0,0,0,0,0,0,0,0,0,0,0,0,0,0,0,0,0,0,0,0,0,0,0,0,0,0,0,0,0,0,0,0,0,0,0,0,0,0,0,0,0
db 0,0,0,0,0,0,0,0,0,0,0,0,0,0,0,0,0,0,0,0,0,0,0,0,0,0,0,0,0,0,0,0,0,0,0,0,0,0,0,0,0,0,0,0,0,0,0,0,0,0,0,0,0,0,0,0,0,0,0,0,0,0,0,0,0,0,0,0,0,0
db 0,0,0,0,0,0,0,0,0,0,0,0,0,0,0,0,0,0,0,0,0,0,0,0,0,0,0,0,0,0,0,0,0,0,0,0,0,0,0,0,0,0,0,0,0,0,0,0,0,0,0,0,0,0,0,0,0,0,0,0,0,0,0,0,0,0,0,0,0,0
db 0,0,0,0,0,0,0,0,0,0,0,0,0,0,0,0,0,0,0,0,0,0,0,0,0,0,0,0,0,0,0,0,0,0,0,0,0,0,0,0,0,0,0,0,0,0,0,0,0,0,0,0,0,0,0,0,0,0,0,0,0,0,0,0,0,0,0,0,0,0
db 0,0,0,0,0,0,0,0,0,0,0,0,0,0,0,0,0,0,0,0,0,0,0,0,0,0,0,0,0,0,0,0,0,0,0,0,0,0,0,0,0,0,0,0,0,0,0,0,0,0,0,0,0,0,0,0,0,0,0,0,0,0,0,0,0,0,0,0,0,0
db 0,0,0,0,0,0,0,0,0,0,0,0,0,0,0,0,0,0,0,0,0,0,0,0,0,0,0,0,0,0,0,0,0,0,0,0,0,0,0,0,0,0,0,0,0,0,0,0,0,0,0,0,0,0,0,0,0,0,0,0,0,0,0,0,0,0,0,0,0,0
db 0,0,0,0,0,0,0,0,0,0,0,0,0,0,0,0,0,0,0,0,0,0,0,0,0,0,0,0,0,0,0,0,0,0,0,0,0,0,0,0,0,0,0,0,0,0,0,0,0,0,0,0,0,0,0,0,0,0,0,0,0,0,0,0,0,0,0,0,0,0
db 0,0,0,0,0,0,0,0,0,0,0,0,0,0,0,0,0,0,0,0,0,0,0,0,0,0,0,0,0,0,0,0,0,0,0,0,0,0,0,0,0,0,0,0,0,0,0,0,0,0,0,0,0,0,0,0,0,0,0,0,0,0,0,0,0,0,0,0,0,0
db 0,0,0,0,0,0,0,0,0,0,0,0,0,0,0,0,0,0,0,0,0,0,0,0,0,0,0,0,0,0,0,0,0,0,0,0,0,0,0,0,0,0,0,0,0,0,0,0,0,0,0,0,0,0,0,0,0,0,0,0,0,0,0,0,0,0,0,0,0,0
db 0,0,0,0,0,0,0,0,0,0,0,0,0,0,0,0,0,0,0,0,0,0,0,0,0,0,0,0,0,0,0,0,0,0,0,0,0,0,0,0,0,0,0,0,0,0,0,0,0,0,0,0,0,0,0,0,0,0,0,0,0,0,0,0,0,0,0,0,0,0
db 0,0,0,0,0,0,0,0,0,0,0,0,0,0,0,0,0,0,0,0,0,0,0,0,0,0,0,0,0,0,0,0,0,0,0,0,0,0,0,0,0,0,0,0,0,0,0,0,0,0,0,0,0,0,0,0,0,0,0,0,0,0,0,0,90,67,0,1,2,3
db 4,5,6,6,7,8,255,255,255,255,255,255,255,255,255,255,255,255,255,255,255,255,255,255,255,255,255,255,255,255,255,255,255,255,255,255,255,255,255,255,255,255,255,255,255,255,0,10,0,0,0,0,0,0,0,0,0,0,0,0,0,0,0,0,0,0,0,0,0,0
db 0,0,0,0,0,0,0,0,0,0,0,0,0,22,0,0,0,0,0,0,0,0,0,0,0,0,0,0,0,0,0,0,0,0,0,0,0,0,0,0,0,0,0,0,0,0,0,0,0,10,0,0,0,0,0,0,0,0,0,0,0,0,0,0,0,0,0,0,0,0
db 0,0,0,0,0,0,0,0,0,0,0,0,0,0,0,22,0,0,0,0,0,0,0,0,0,0,0,0,0,0,0,0,0,0,0,0,0,0,0,0,0,0,0,0,0,0,0,0,0,0,0,10,0,0,0,0,0,0,0,0,0,0,0,0,0,0,0,0,0,0
db 0,0,0,0,0,0,0,0,0,0,0,0,0,0,0,0,0,22,0,0,0,0,0,0,0,0,0,0,0,0,0,0,0,0,0,0,0,0,0,0,0,0,0,0,0,0,0,0,0,0,0,0,0,10,0,0,0,0,0,0,0,0,0,0,0,0,0,0,0,0
db 0,0,0,0,0,0,0,0,0,0,0,0,0,0,0,0,0,0,0,22,0,0,0,0,0,0,0,0,0,0,0,0,0,0,0,0,0,0,0,0,0,0,0,0,0,0,0,0,0,0,0,0,0,0,0,6,0,0,0,0,0,0,0,0,0,0,0,0,0,0
db 0,0,0,0,0,0,0,0,0,0,0,0,0,0,0,0,0,0,0,0,0,18,0,0,0,0,0,0,0,0,0,0,0,0,0,0,0,0,0,0,0,0,0,0,0,0,0,0,0,0,0,0,0,0,0,0,0,6,0,0,0,0,0,0,0,0,0,0,0,0
db 0,0,0,0,0,0,0,0,0,0,0,0,0,0,0,0,0,0,0,0,0,0,0,18,0,0,0,0,0,0,0,0,0,0,0,0,0,0,0,0,0,0,0,0,0,0,0,0,0,0,0,0,0,0,0,0,0,0,0,8,0,0,0,0,0,0,0,0,0,0
db 0,0,0,0,0,0,0,0,0,0,0,0,0,0,0,0,0,0,0,0,0,0,0,0,0,20,0,0,0,0,0,0,0,0,0,0,0,0,0,0,0,0,0,0,0,0,0,0,0,0,0,0,0,0,0,0,0,0,0,0,0,8,0,0,0,0,0,0,0,0
db 0,0,0,0,0,0,0,0,0,0,0,0,0,0,0,0,0,0,0,0,0,0,0,0,0,0,0,20,0,0,0,0,0,0,0,0,0,0,0,0,0,0,0,0,0,0,0,0,0,0,0,0,0,0,0,0,0,0,0,0,0,0,0,10,0,0,0,0,0,0
db 0,0,0,0,0,0,0,0,0,0,0,0,0,0,0,0,0,0,0,0,0,0,0,0,0,0,0,0,0,22,0,0,0,0,0,0,0,0,0,0,0,0,0,0,0,0,0,0,0,0,0,0,0,0,0,0,0,0,0,0,0,0,0,0,0,10,0,0,0,0
db 0,0,0,0,0,0,0,0,0,0,0,0,0,0,0,0,0,0,0,0,0,0,0,0,0,0,0,0,0,0,0,22,0,0,0,0,0,0,0,0,0,0,0,0,0,0,0,0,0,0,0,0,0,0,0,0,0,0,0,0,0,0,0,0,0,0,0,10,0,0
db 0,0,0,0,0,0,0,0,0,0,0,0,0,0,0,0,0,0,0,0,0,0,0,0,0,0,0,0,0,0,0,0,0,22,0,0,0,0,0,0,0,0,0,0,0,0,0,0,0,0,0,0,0,0,0,0,0,0,0,0,0,0,0,0,0,0,0,0,0,10
db 0,0,0,0,0,0,0,0,0,0,0,0,0,0,0,0,0,0,0,0,0,0,0,0,0,0,0,0,0,0,0,0,0,0,0,22,0,0,0,0,0,0,0,0,0,0,0,0,0,0,0,0,0,0,0,0,0,0,0,0,0,0,0,0,0,0,0,0,0,0
db 0,13,0,0,0,0,0,0,0,0,0,0,0,0,0,0,0,0,0,0,0,0,0,0,0,0,0,0,0,0,0,0,0,0,0,0,0,25,0,0,0,0,0,0,0,0,0,0,0,0,0,0,0,0,0,0,0,0,0,0,0,0,0,0,0,0,0,0,0,0
db 0,0,0,13,0,0,0,0,0,0,0,0,0,0,0,0,0,0,0,0,0,0,0,0,0,0,0,0,0,0,0,0,0,0,0,0,0,0,0,25,0,0,0,0,0,0,0,0,0,0,0,0,0,0,0,0,0,0,0,0,0,0,0,0,0,0,0,0,0,0
db 0,0,0,0,0,8,0,0,0,0,0,0,0,0,0,0,0,0,0,0,0,0,0,0,0,0,0,0,0,0,0,0,0,0,0,0,0,0,0,0,0,20,0,0,0,0,0,0,0,0,0,0,0,0,0,0,0,0,0,0,0,0,0,0,0,0,0,0,0,0
db 0,0,0,0,0,0,0,8,0,0,0,0,0,0,0,0,0,0,0,0,0,0,0,0,0,0,0,0,0,0,0,0,0,0,0,0,0,0,0,0,0,0,0,20,0,0,0,0,0,0,0,0,0,0,0,0,0,0,0,0,0,0,0,0,0,0,0,0,0,0
db 0,0,0,0,0,0,0,0,0,10,0,10,195,0,0,0,0,0,0,0,0,0,0,0,0,0,0,0,0,0,0,0,0,0,0,0,0,0,0,0,0,0,0,0,0,22,0,22,0,0,0,0,0,0,0,0,0,0,0,0,0,0,0,0,0,0,0,0,0,0
db 0,0,0,0,0,0,0,0,0,0,0,10,0,10,0,0,0,0,0,0,0,0,0,0,0,0,0,0,0,0,0,0,0,0,0,0,0,0,0,0,0,0,0,0,0,0,0,22,0,22,0,0,0,0,0,0,0,0,0,0,0,0,0,0,0,0,0,0,0,0
db 0,0,0,0,0,0,0,0,0,0,0,0,0,10,0,10,0,0,0,0,0,0,0,0,0,0,0,0,0,0,0,0,0,10,0,0,0,0,0,0,0,0,0,0,0,0,0,0,0,22,0,22,0,0,0,0,0,0,0,0,0,0,0,0,0,0,0,0,0,22
db 0,0,0,0,0,0,0,0,0,0,0,0,0,0,0,10,0,10,0,0,0,0,0,0,0,0,0,0,0,0,0,0,0,0,0,10,0,0,0,0,0,0,0,0,0,0,0,0,0,0,0,22,0,22,0,0,0,0,0,0,0,0,0,0,0,0,0,0,0,0
db 0,22,0,0,0,0,0,0,0,0,0,0,0,0,0,0,0,6,0,6,0,0,0,0,0,0,0,0,0,0,0,0,0,0,0,0,0,0,0,0,0,0,0,0,0,0,0,0,0,0,0,0,0,18,0,18,0,0,0,0,0,0,0,0,0,0,0,0,0,0
db 0,0,0,0,0,0,0,0,0,0,0,0,0,0,0,0,0,0,0,6,0,6,0,0,0,0,0,0,0,0,0,0,0,0,0,0,0,0,0,0,0,0,0,0,0,0,0,0,0,0,0,0,0,0,0,18,0,18,0,0,0,0,0,0,0,0,0,0,0,0
db 0,0,0,0,0,0,0,0,0,0,0,0,0,0,0,0,0,0,0,0,0,8,0,8,0,0,0,0,0,0,0,0,0,0,0,0,0,0,0,0,0,8,0,0,0,0,0,0,0,0,0,0,0,0,0,0,0,20,0,20,0,0,0,0,0,0,0,0,0,0
db 0,0,0,0,0,0,0,20,0,0,0,0,0,0,0,0,0,0,0,0,0,0,0,8,0,8,0,0,0,0,0,0,0,0,0,0,0,0,0,0,0,0,0,8,0,0,0,0,0,0,0,0,0,0,0,0,0,0,0,20,0,20,0,0,0,0,0,0,0,0
db 0,0,0,0,0,0,0,0,0,20,0,0,0,0,0,0,0,0,0,0,0,0,0,0,0,10,0,10,0,0,0,0,0,0,0,0,0,0,0,0,0,0,0,0,0,0,0,0,0,0,0,0,0,0,0,0,0,0,0,0,0,22,0,22,0,0,0,0,0,0
db 0,0,0,0,0,0,0,0,0,0,0,0,0,0,0,0,0,0,0,0,0,0,0,0,0,0,0,10,0,10,0,0,0,0,0,0,0,0,0,0,0,0,0,0,0,0,0,0,0,0,0,0,0,0,0,0,0,0,0,0,0,0,0,22,0,22,0,0,0,0
db 0,0,0,0,0,0,0,0,0,0,0,0,0,0,0,0,0,0,0,0,0,0,0,0,0,0,0,0,0,10,0,10,0,0,0,0,0,0,0,0,0,0,0,0,0,0,0,0,0,10,0,0,0,0,0,0,0,0,0,0,0,0,0,0,0,22,0,22,0,0
db 0,0,0,0,0,0,0,0,0,0,0,0,0,0,0,22,0,0,0,0,0,0,0,0,0,0,0,0,0,0,0,10,0,10,0,0,0,0,0,0,0,0,0,0,0,0,0,0,0,0,0,10,0,0,0,0,0,0,0,0,0,0,0,0,0,0,0,22,0,22
db 0,0,0,0,0,0,0,0,0,0,0,0,0,0,0,0,0,22,0,0,0,0,0,0,0,0,0,0,0,0,0,0,0,13,0,13,0,0,0,0,0,0,0,0,0,0,0,0,0,0,0,0,0,0,0,0,0,0,0,0,0,0,0,0,0,0,0,0,0,25
db 0,25,0,0,0,0,0,0,0,0,0,0,0,0,0,0,0,0,0,0,0,0,0,0,0,0,0,0,0,0,0,0,0,0,0,13,0,13,0,0,0,0,0,0,0,0,0,0,0,0,0,0,0,0,0,0,0,0,0,0,0,0,0,0,0,0,0,0,0,0
db 0,25,0,25,0,0,0,0,0,0,0,0,0,0,0,0,0,0,0,0,0,0,0,0,0,0,0,0,0,0,0,0,0,0,0,0,0,8,0,8,0,0,0,0,0,0,0,0,0,0,0,0,0,0,0,0,0,8,0,0,0,0,0,0,0,0,0,0,0,0
db 0,0,0,20,0,20,0,0,0,0,0,0,0,0,0,0,0,0,0,0,0,0,0,20,0,0,0,0,0,0,0,0,0,0,0,0,0,0,0,8,0,8,0,0,0,0,0,0,0,0,0,0,0,0,0,0,0,0,0,8,0,0,0,0,0,0,0,0,0,0
db 0,0,0,0,0,20,0,20,0,0,0,0,0,0,0,0,0,0,0,0,0,0,0,0,0,20,0,0,0,0,0,0,0,0,0,0,0,0,0,0,0,10,0,10,195,17,0,0,0,0,0,0,0,0,0,0,0,0,0,0,0,0,0,0,0,0,0,0,0,0
db 0,0,0,0,0,0,0,22,0,22,0,0,0,0,0,0,0,0,0,0,0,0,0,0,0,0,0,0,0,0,0,0,0,0,0,0,0,0,0,0,0,0,0,10,0,10,0,17,0,0,0,0,0,0,0,0,0,0,0,0,0,0,0,0,0,0,0,0,0,0
db 0,0,0,0,0,0,0,0,0,22,0,22,0,0,0,0,0,0,0,0,0,0,0,0,0,0,0,0,0,0,0,0,0,0,0,0,0,0,0,0,0,0,0,0,0,10,0,10,0,17,0,0,0,0,0,0,0,0,0,0,0,0,0,0,0,10,0,0,0,0
db 0,0,0,0,0,0,0,0,0,0,0,22,0,22,0,0,0,0,0,0,0,0,0,0,0,0,0,0,0,0,0,22,0,0,0,0,0,0,0,0,0,0,0,0,0,0,0,10,0,10,0,17,0,0,0,0,0,0,0,0,0,0,0,0,0,0,0,10,0,0
db 0,0,0,0,0,0,0,0,0,0,0,0,0,22,0,22,0,0,0,0,0,0,0,0,0,0,0,0,0,0,0,0,0,22,0,0,0,0,0,0,0,0,0,0,0,0,0,0,0,6,0,6,0,17,0,0,0,0,0,0,0,0,0,0,0,0,0,0,0,0
db 0,0,0,0,0,0,0,0,0,0,0,0,0,0,0,18,0,18,0,0,0,0,0,0,0,0,0,0,0,0,0,0,0,0,0,0,0,0,0,0,0,0,0,0,0,0,0,0,0,0,0,6,0,6,0,17,0,0,0,0,0,0,0,0,0,0,0,0,0,0
db 0,0,0,0,0,0,0,0,0,0,0,0,0,0,0,0,0,18,0,18,0,0,0,0,0,0,0,0,0,0,0,0,0,0,0,0,0,0,0,0,0,0,0,0,0,0,0,0,0,0,0,0,0,8,0,8,0,17,0,0,0,0,0,0,0,0,0,0,0,0
db 0,0,0,8,0,0,0,0,0,0,0,0,0,0,0,0,0,0,0,20,0,20,0,0,0,0,0,0,0,0,0,0,0,0,0,0,0,0,0,20,0,0,0,0,0,0,0,0,0,0,0,0,0,0,0,8,0,8,0,17,0,0,0,0,0,0,0,0,0,0
db 0,0,0,0,0,8,0,0,0,0,0,0,0,0,0,0,0,0,0,0,0,20,0,20,0,0,0,0,0,0,0,0,0,0,0,0,0,0,0,0,0,20,0,0,0,0,0,0,0,0,0,0,0,0,0,0,0,10,0,10,0,17,0,0,0,0,0,0,0,0
db 0,0,0,0,0,0,0,0,0,0,0,0,0,0,0,0,0,0,0,0,0,0,0,22,0,22,0,0,0,0,0,0,0,0,0,0,0,0,0,0,0,0,0,0,0,0,0,0,0,0,0,0,0,0,0,0,0,0,0,10,0,10,0,17,0,0,0,0,0,0
db 0,0,0,0,0,0,0,0,0,0,0,0,0,0,0,0,0,0,0,0,0,0,0,0,0,22,0,22,0,0,0,0,0,0,0,0,0,0,0,0,0,0,0,0,0,0,0,0,0,0,0,0,0,0,0,0,0,0,0,0,0,10,0,10,0,17,0,0,0,0
db 0,0,0,0,0,0,0,0,0,0,0,10,0,0,0,0,0,0,0,0,0,0,0,0,0,0,0,22,0,22,0,0,0,0,0,0,0,0,0,0,0,0,0,0,0,0,0,22,0,0,0,0,0,0,0,0,0,0,0,0,0,0,0,10,0,10,0,17,0,0
db 0,0,0,0,0,0,0,0,0,0,0,0,0,10,0,0,0,0,0,0,0,0,0,0,0,0,0,0,0,22,0,22,0,0,0,0,0,0,0,0,0,0,0,0,0,0,0,0,0,22,0,0,0,0,0,0,0,0,0,0,0,0,0,0,0,13,0,13,0,17
db 0,0,0,0,0,0,0,0,0,0,0,0,0,0,0,0,0,0,0,0,0,0,0,0,0,0,0,0,0,0,0,25,0,25,0,0,0,0,0,0,0,0,0,0,0,0,0,0,0,0,0,0,0,0,0,0,0,0,0,0,0,0,0,0,0,0,0,13,0,13
db 0,17,0,0,0,0,0,0,0,0,0,0,0,0,0,0,0,0,0,0,0,0,0,0,0,0,0,0,0,0,0,0,0,25,0,25,0,0,0,0,0,0,0,0,0,0,0,0,0,0,0,0,0,0,0,0,0,0,0,0,0,0,0,0,0,0,0,0,0,8
db 0,8,0,17,0,0,0,0,0,0,0,0,0,0,0,0,0,0,0,8,0,0,0,0,0,0,0,0,0,0,0,0,0,0,0,20,0,20,0,0,0,0,0,0,0,0,0,0,0,0,0,0,0,0,0,20,0,0,0,0,0,0,0,0,0,0,0,0,0,0
db 0,8,0,8,0,17,0,0,0,0,0,0,0,0,0,0,0,0,0,0,0,8,0,0,0,0,0,0,0,0,0,0,0,0,0,0,0,20,0,20,0,0,0,0,0,0,0,0,0,0,0,0,0,0,0,0,0,20,0,0,0,0,0,0,0,0,0,0,0,0
db 0,0,0,10,0,10,195,17,0,46,0,0,0,0,0,0,0,0,0,0,0,0,0,0,0,0,0,0,0,0,0,0,0,0,0,0,0,0,0,22,0,22,0,0,0,46,0,0,0,0,0,0,0,0,0,0,0,0,0,0,0,0,0,0,0,0,0,0,0,0
db 0,0,0,0,0,10,0,10,0,17,0,46,0,0,0,0,0,0,0,0,0,0,0,0,0,0,0,0,0,0,0,0,0,0,0,0,0,0,0,0,0,22,0,22,0,0,0,46,0,0,0,0,0,0,0,0,0,0,0,0,0,0,0,0,0,46,0,0,0,0
db 0,0,0,0,0,0,0,10,0,10,0,17,0,0,0,0,0,0,0,0,0,0,0,0,0,0,0,10,0,0,0,46,0,0,0,0,0,0,0,0,0,0,0,22,0,22,0,0,0,46,0,0,0,0,0,0,0,0,0,0,0,0,0,22,0,0,0,0,0,0
db 0,0,0,0,0,0,0,0,0,10,0,10,0,17,0,46,0,0,0,0,0,0,0,0,0,0,0,0,0,10,0,0,0,0,0,0,0,0,0,0,0,0,0,0,0,22,0,22,0,0,0,46,0,0,0,0,0,0,0,0,0,0,0,0,0,22,0,0,0,0
db 0,0,0,0,0,0,0,0,0,0,0,6,0,6,0,17,0,42,0,0,0,0,0,0,0,0,0,0,0,0,0,0,0,0,0,0,0,0,0,0,0,0,0,0,0,0,0,18,0,18,0,0,0,42,0,0,0,0,0,0,0,0,0,0,0,0,0,0,0,0
db 0,0,0,0,0,0,0,0,0,0,0,0,0,6,0,6,0,17,0,42,0,0,0,0,0,0,0,0,0,0,0,0,0,0,0,0,0,0,0,0,0,0,0,0,0,0,0,0,0,18,0,18,0,0,0,42,0,0,0,0,0,0,0,0,0,0,0,0,0,0
db 0,0,0,44,0,0,0,0,0,0,0,0,0,0,0,8,0,8,0,17,0,0,0,0,0,0,0,0,0,0,0,0,0,0,0,8,0,0,0,44,0,0,0,0,0,0,0,0,0,0,0,20,0,20,0,0,0,44,0,0,0,0,0,0,0,0,0,0,0,0
db 0,20,0,0,0,0,0,0,0,0,0,0,0,0,0,0,0,8,0,8,0,17,0,44,0,0,0,0,0,0,0,0,0,0,0,0,0,8,0,0,0,0,0,0,0,0,0,0,0,0,0,0,0,20,0,20,0,0,0,44,0,0,0,0,0,0,0,0,0,0
db 0,0,0,20,0,0,0,0,0,0,0,0,0,0,0,0,0,0,0,10,0,10,0,17,0,46,0,0,0,0,0,0,0,0,0,0,0,0,0,0,0,0,0,0,0,0,0,0,0,0,0,0,0,0,0,22,0,22,0,0,0,46,0,0,0,0,0,0,0,0
db 0,0,0,0,0,0,0,0,0,0,0,0,0,0,0,0,0,0,0,0,0,10,0,10,0,17,0,46,0,0,0,0,0,0,0,0,0,0,0,0,0,0,0,0,0,0,0,0,0,0,0,0,0,0,0,0,0,22,0,22,0,0,0,46,0,0,0,0,0,0
db 0,0,0,0,0,0,0,0,0,0,0,46,0,0,0,0,0,0,0,0,0,0,0,10,0,10,0,17,0,0,0,0,0,0,0,0,0,0,0,0,0,0,0,10,0,0,0,46,0,0,0,0,0,0,0,0,0,0,0,22,0,22,0,0,0,46,0,0,0,0
db 0,0,0,0,0,0,0,0,0,22,0,0,0,0,0,0,0,0,0,0,0,0,0,0,0,10,0,10,0,17,0,46,0,0,0,0,0,0,0,0,0,0,0,0,0,10,0,0,0,0,0,0,0,0,0,0,0,0,0,0,0,22,0,22,0,0,0,46,0,0
db 0,0,0,0,0,0,0,0,0,0,0,22,0,0,0,0,0,0,0,0,0,0,0,0,0,0,0,13,0,13,0,17,0,49,0,0,0,0,0,0,0,0,0,0,0,0,0,0,0,0,0,0,0,0,0,0,0,0,0,0,0,0,0,25,0,25,0,0,0,49
db 0,0,0,0,0,0,0,0,0,0,0,0,0,0,0,0,0,0,0,0,0,0,0,0,0,0,0,0,0,13,0,13,0,17,0,49,0,0,0,0,0,0,0,0,0,0,0,0,0,0,0,0,0,0,0,0,0,0,0,0,0,0,0,0,0,25,0,25,0,0
db 0,49,0,0,0,0,0,0,0,0,0,0,0,0,0,0,0,0,0,44,0,0,0,0,0,0,0,0,0,0,0,8,0,8,0,17,0,0,0,0,0,0,0,0,0,0,0,0,0,0,0,8,0,0,0,44,0,0,0,0,0,0,0,0,0,0,0,20,0,20
db 0,0,0,44,0,0,0,0,0,0,0,0,0,0,0,0,0,20,0,0,0,0,0,0,0,0,0,0,0,0,0,0,0,8,0,8,0,17,0,44,0,0,0,0,0,0,0,0,0,0,0,0,0,8,0,0,0,0,0,0,0,0,0,0,0,0,0,0,0,20
db 0,20,0,0,0,44,0,0,0,0,0,0,0,0,0,0,0,0,0,20,0,0,0,0,0,0,0,0,0,0,0,0,0,0,0,10,0,10,195,17,0,46,0,0,195,0,0,0,0,0,0,0,0,0,0,0,0,0,0,0,0,0,0,0,0,0,0,0,0,0
db 0,22,0,22,0,0,0,46,0,53,0,0,0,0,0,0,0,0,0,0,0,0,0,0,0,0,0,0,0,0,0,0,0,0,0,0,0,10,0,10,0,17,0,46,0,0,0,0,0,0,0,0,0,0,0,0,0,0,0,0,0,0,0,0,0,0,0,0,0,0
db 0,0,0,22,0,22,0,0,0,46,0,53,0,0,0,0,0,0,0,0,0,0,0,0,0,0,0,46,0,0,0,0,0,0,0,0,0,0,0,10,0,10,0,17,0,0,0,0,0,0,0,0,0,0,0,0,0,0,0,10,0,0,0,46,0,0,0,0,0,0
db 0,0,0,0,0,22,0,22,0,0,0,46,0,53,0,0,0,0,0,0,0,0,0,0,0,22,0,0,0,0,0,53,0,0,0,0,0,0,0,0,0,10,0,10,0,17,0,46,0,0,0,0,0,0,0,0,0,0,0,0,0,10,0,0,0,0,0,0,0,0
db 0,0,0,0,0,0,0,22,0,22,0,0,0,46,0,53,0,0,0,0,0,0,0,0,0,0,0,22,0,0,0,0,0,0,0,0,0,0,0,0,0,0,0,6,0,6,0,17,0,42,0,0,0,0,0,0,0,0,0,0,0,0,0,0,0,0,0,0,0,0
db 0,0,0,0,0,0,0,0,0,18,0,18,0,0,0,42,0,53,0,0,0,0,0,0,0,0,0,0,0,0,0,0,0,0,0,0,0,0,0,0,0,0,0,0,0,6,0,6,0,17,0,42,0,0,0,0,0,0,0,0,0,0,0,0,0,0,0,0,0,0
db 0,0,0,0,0,0,0,0,0,0,0,18,0,18,0,0,0,42,0,53,0,0,0,0,0,0,0,0,0,0,0,0,0,0,0,44,0,0,0,0,0,0,0,0,0,0,0,8,0,8,0,17,0,0,0,0,0,0,0,0,0,0,0,0,0,0,0,8,0,0
db 0,44,0,0,0,0,0,0,0,0,0,0,0,20,0,20,0,0,0,44,0,53,0,0,0,0,0,0,0,0,0,0,0,20,0,0,0,0,0,53,0,0,0,0,0,0,0,0,0,8,0,8,0,17,0,44,0,0,0,0,0,0,0,0,0,0,0,0,0,8
db 0,0,0,0,0,0,0,0,0,0,0,0,0,0,0,20,0,20,0,0,0,44,0,53,0,0,0,0,0,0,0,0,0,0,0,20,0,0,0,0,0,0,0,0,0,0,0,0,0,0,0,10,0,10,0,17,0,46,0,0,0,0,0,0,0,0,0,0,0,0
db 0,0,0,0,0,0,0,0,0,0,0,0,0,0,0,0,0,22,0,22,0,0,0,46,0,53,0,0,0,0,0,0,0,0,0,0,0,0,0,0,0,0,0,0,0,0,0,0,0,0,0,0,0,10,0,10,0,17,0,46,0,0,0,0,0,0,0,0,0,0
db 0,0,0,0,0,0,0,0,0,0,0,0,0,0,0,0,0,0,0,22,0,22,0,0,0,46,0,53,0,0,0,0,0,0,0,0,0,0,0,0,0,0,0,46,0,0,0,0,0,0,0,0,0,0,0,10,0,10,0,17,0,0,0,0,0,0,0,0,0,0
db 0,0,0,0,0,10,0,0,0,46,0,0,0,0,0,0,0,0,0,0,0,22,0,22,0,0,0,46,0,53,0,0,0,0,0,0,0,0,0,0,0,22,0,0,0,0,0,53,0,0,0,0,0,0,0,0,0,10,0,10,0,17,0,46,0,0,0,0,0,0
db 0,0,0,0,0,0,0,10,0,0,0,0,0,0,0,0,0,0,0,0,0,0,0,22,0,22,0,0,0,46,0,53,0,0,0,0,0,0,0,0,0,0,0,22,0,0,0,0,0,0,0,0,0,0,0,0,0,0,0,13,0,13,0,17,0,49,0,0,0,0
db 0,0,0,0,0,0,0,0,0,0,0,0,0,0,0,0,0,0,0,0,0,0,0,0,0,25,0,25,0,0,0,49,0,53,0,0,0,0,0,0,0,0,0,0,0,0,0,0,0,0,0,0,0,0,0,0,0,0,0,0,0,13,0,13,0,17,0,49,0,0
db 0,0,0,0,0,0,0,0,0,0,0,0,0,0,0,0,0,0,0,0,0,0,0,0,0,0,0,25,0,25,0,0,0,49,0,53,0,0,0,0,0,0,0,0,0,0,0,0,0,0,0,44,0,0,0,0,0,0,0,0,0,0,0,8,0,8,0,17,0,0
db 0,0,0,0,0,0,0,0,0,0,0,0,0,8,0,0,0,44,0,0,0,0,0,0,0,0,0,0,0,20,0,20,0,0,0,44,0,53,0,0,0,0,0,0,0,0,0,0,0,20,0,0,0,0,0,53,0,0,0,0,0,0,0,0,0,8,0,8,0,17
db 0,44,0,0,0,0,0,0,0,0,0,0,0,0,0,8,0,0,0,0,0,0,0,0,0,0,0,0,0,0,0,20,0,20,0,0,0,44,0,53,0,0,0,0,0,0,0,0,0,0,0,20,0,0,0,0,0,0,0,0,0,0,0,0,0,0,0,10,0,10
db 195,17,0,46,0,0,195,34,0,0,0,0,0,0,0,0,0,0,0,0,0,0,0,0,0,0,0,0,0,0,0,0,0,22,0,22,0,0,0,46,0,53,0,0,0,0,0,0,0,0,0,0,0,0,0,0,0,0,0,0,0,0,0,0,0,0,0,0,0,10
db 0,10,0,17,0,46,0,0,0,34,0,0,0,0,0,0,0,0,0,0,0,0,0,0,0,0,0,0,0,0,0,0,0,0,0,22,0,22,0,0,0,46,0,53,0,0,0,0,0,0,0,0,0,0,0,0,0,0,0,46,0,0,0,34,0,0,0,0,0,0
db 0,10,0,10,0,17,0,0,0,0,0,0,0,0,0,0,0,0,0,0,0,10,0,0,0,46,0,0,0,0,0,0,0,0,0,0,0,22,0,22,0,0,0,46,0,53,0,34,0,0,0,0,0,0,0,0,0,22,0,0,0,0,0,53,0,0,0,0,0,0
db 0,0,0,10,0,10,0,17,0,46,0,0,0,0,0,0,0,0,0,0,0,0,0,10,0,0,0,0,0,0,0,0,0,0,0,0,0,0,0,22,0,22,0,0,0,46,0,53,0,34,0,0,0,0,0,0,0,0,0,22,0,0,0,0,0,0,0,0,0,0
db 0,0,0,0,0,6,0,6,0,17,0,42,0,0,0,30,0,0,0,0,0,0,0,0,0,0,0,0,0,0,0,0,0,0,0,0,0,0,0,0,0,18,0,18,0,0,0,42,0,53,0,0,0,0,0,0,0,0,0,0,0,0,0,0,0,0,0,0,0,0
db 0,0,0,0,0,0,0,6,0,6,0,17,0,42,0,0,0,30,0,0,0,0,0,0,0,0,0,0,0,0,0,0,0,0,0,0,0,0,0,0,0,0,0,18,0,18,0,0,0,42,0,53,0,0,0,0,0,0,0,0,0,0,0,0,0,0,0,44,0,0
db 0,32,0,0,0,0,0,0,0,8,0,8,0,17,0,0,0,0,0,0,0,0,0,0,0,0,0,0,0,8,0,0,0,44,0,0,0,0,0,0,0,0,0,0,0,20,0,20,0,0,0,44,0,53,0,32,0,0,0,0,0,0,0,0,0,20,0,0,0,0
db 0,53,0,0,0,0,0,0,0,0,0,8,0,8,0,17,0,44,0,0,0,0,0,0,0,0,0,0,0,0,0,8,0,0,0,0,0,0,0,0,0,0,0,0,0,0,0,20,0,20,0,0,0,44,0,53,0,32,0,0,0,0,0,0,0,0,0,20,0,0
db 0,0,0,0,0,0,0,0,0,0,0,0,0,10,0,10,0,17,0,46,0,0,0,34,0,0,0,0,0,0,0,0,0,0,0,0,0,0,0,0,0,0,0,0,0,0,0,0,0,22,0,22,0,0,0,46,0,53,0,0,0,0,0,0,0,0,0,0,0,0
db 0,0,0,0,0,0,0,0,0,0,0,0,0,0,0,10,0,10,0,17,0,46,0,0,0,34,0,0,0,0,0,0,0,0,0,0,0,0,0,0,0,0,0,0,0,0,0,0,0,0,0,22,0,22,0,0,0,46,0,53,0,0,0,0,0,0,0,0,0,0
db 0,0,0,0,0,46,0,0,0,34,0,0,0,0,0,0,0,10,0,10,0,17,0,0,0,0,0,0,0,0,0,0,0,0,0,0,0,10,0,0,0,46,0,0,0,0,0,0,0,0,0,0,0,22,0,22,0,0,0,46,0,53,0,34,0,0,0,0,0,0
db 0,0,0,22,0,0,0,0,0,53,0,0,0,0,0,0,0,0,0,10,0,10,0,17,0,46,0,0,0,0,0,0,0,0,0,0,0,0,0,10,0,0,0,0,0,0,0,0,0,0,0,0,0,0,0,22,0,22,0,0,0,46,0,53,0,34,0,0,0,0
db 0,0,0,0,0,22,0,0,0,0,0,0,0,0,0,0,0,0,0,0,0,13,0,13,0,17,0,49,0,0,0,37,0,0,0,0,0,0,0,0,0,0,0,0,0,0,0,0,0,0,0,0,0,0,0,0,0,25,0,25,0,0,0,49,0,53,0,0,0,0
db 0,0,0,0,0,0,0,0,0,0,0,0,0,0,0,0,0,0,0,0,0,0,0,13,0,13,0,17,0,49,0,0,0,37,0,0,0,0,0,0,0,0,0,0,0,0,0,0,0,0,0,0,0,0,0,0,0,0,0,25,0,25,0,0,0,49,0,53,0,0
db 0,0,0,0,0,0,0,0,0,0,0,0,0,44,0,0,0,32,0,0,0,0,0,0,0,8,0,8,0,17,0,0,0,0,0,0,0,0,0,0,0,0,0,0,0,8,0,0,0,44,0,0,0,0,0,0,0,0,0,0,0,20,0,20,0,0,0,44,0,53
db 0,32,0,0,0,0,0,0,0,0,0,20,0,0,0,0,0,53,0,0,0,0,0,0,0,0,0,8,0,8,0,17,0,44,0,0,0,0,0,0,0,0,0,0,0,0,0,8,0,0,0,0,0,0,0,0,0,0,0,0,0,0,0,20,0,20,0,0,0,44
db 0,53,0,32,0,0,0,0,0,0,0,0,0,20,0,0,0,0,0,0,0,0,0,0,0,0,0,0,0,10,0,10,195,17,0,46,0,0,195,34,0,70,0,0,0,0,0,0,0,0,0,0,0,0,0,0,0,0,0,0,0,0,0,0,0,22,0,22,0,0
db 0,46,0,53,0,0,0,70,0,0,0,0,0,0,0,0,0,0,0,0,0,0,0,0,0,0,0,0,0,0,0,10,0,10,0,17,0,46,0,0,0,34,0,68,0,0,0,0,0,0,0,0,0,0,0,0,0,0,0,0,0,0,0,0,0,0,0,22,0,22
db 0,0,0,46,0,53,0,0,0,70,0,0,0,0,0,0,0,0,0,0,0,46,0,0,0,34,0,0,0,0,0,0,0,10,0,10,0,17,0,0,0,0,0,0,0,0,0,0,0,0,0,0,0,10,0,0,0,46,0,0,0,0,0,0,0,0,0,0,0,22
db 0,22,0,0,0,46,0,53,0,34,0,65,0,0,0,0,0,0,0,22,0,0,0,0,0,53,0,0,0,0,0,0,0,0,0,10,0,10,0,17,0,46,0,0,0,0,0,0,0,0,0,0,0,0,0,10,0,0,0,0,0,0,0,0,0,0,0,0,0,0
db 0,22,0,22,0,0,0,46,0,53,0,34,0,0,0,0,0,0,0,0,0,22,0,0,0,0,0,0,0,0,0,0,0,0,0,0,0,6,0,6,0,17,0,42,0,0,0,30,0,0,0,0,0,0,0,0,0,0,0,0,0,0,0,0,0,0,0,0,0,0
db 0,0,0,18,0,18,0,0,0,42,0,53,0,0,0,73,0,0,0,0,0,0,0,0,0,0,0,0,0,0,0,0,0,0,0,0,0,0,0,6,0,6,0,17,0,42,0,0,0,30,0,0,0,0,0,0,0,0,0,0,0,0,0,0,0,0,0,0,0,0
db 0,0,0,0,0,18,0,18,0,0,0,42,0,53,0,0,0,73,0,0,0,0,0,0,0,0,0,0,0,44,0,0,0,32,0,0,0,0,0,0,0,8,0,8,0,17,0,0,0,0,0,0,0,75,0,0,0,0,0,0,0,8,0,0,0,44,0,0,0,0
db 0,0,0,0,0,0,0,20,0,20,0,0,0,44,0,53,0,32,0,73,0,0,0,0,0,0,0,20,0,0,0,0,0,53,0,0,0,0,0,0,0,0,0,8,0,8,0,17,0,44,0,0,0,0,0,72,0,0,0,0,0,0,0,8,0,0,0,0,0,0
db 0,0,0,0,0,0,0,0,0,20,0,20,0,0,0,44,0,53,0,32,0,0,0,0,0,0,0,0,0,20,0,0,0,0,0,0,0,0,0,0,0,0,0,0,0,10,0,10,0,17,0,46,0,0,0,34,0,58,0,0,0,0,0,0,0,0,0,0,0,0
db 0,0,0,0,0,0,0,0,0,0,0,22,0,22,0,0,0,46,0,53,0,0,0,70,0,0,0,0,0,0,0,0,0,0,0,0,0,0,0,0,0,0,0,0,0,0,0,10,0,10,0,17,0,46,0,0,0,34,0,58,0,0,0,0,0,0,0,0,0,0
db 0,0,0,0,0,0,0,0,0,0,0,0,0,22,0,22,0,0,0,46,0,53,0,0,0,70,0,0,0,0,0,0,0,0,0,0,0,46,0,0,0,34,0,0,0,0,0,0,0,10,0,10,0,17,0,0,0,0,0,0,0,58,0,0,0,0,0,0,0,10
db 0,0,0,46,0,0,0,0,0,0,0,0,0,0,0,22,0,22,0,0,0,46,0,53,0,34,0,70,0,0,0,0,0,0,0,22,0,0,0,0,0,53,0,0,0,0,0,0,0,0,0,10,0,10,0,17,0,46,0,0,0,0,0,58,0,0,0,0,0,0
db 0,10,0,0,0,0,0,0,0,0,0,0,0,0,0,0,0,22,0,22,0,0,0,46,0,53,0,34,0,70,0,0,0,0,0,0,0,22,0,0,0,0,0,0,0,0,0,0,0,0,0,0,0,13,0,13,0,17,0,49,0,0,0,37,0,73,0,0,0,0
db 0,0,0,0,0,0,0,0,0,0,0,0,0,0,0,0,0,0,0,25,0,25,0,0,0,49,0,53,0,0,0,0,0,0,0,0,0,0,0,0,0,0,0,0,0,0,0,0,0,0,0,0,0,0,0,13,0,13,0,17,0,49,0,0,0,37,0,73,0,0
db 0,0,0,0,0,0,0,0,0,0,0,0,0,0,0,0,0,0,0,0,0,25,0,25,0,0,0,49,0,53,0,0,0,0,0,0,0,0,0,0,0,0,0,0,0,44,0,0,0,32,0,82,0,0,0,0,0,8,0,8,0,17,0,0,0,0,0,0,0,78
db 0,0,0,0,0,0,0,8,0,0,0,44,0,0,0,0,0,77,0,0,0,0,0,20,0,20,0,0,0,44,0,53,0,32,0,75,0,0,0,0,0,0,0,20,0,0,0,0,0,53,0,0,0,73,0,0,0,0,0,8,0,8,0,17,0,44,0,0,0,0
db 0,72,0,0,0,0,0,0,0,8,0,0,0,0,0,0,0,0,0,70,0,0,0,0,0,20,0,20,0,0,0,44,0,53,0,32,0,68,0,0,0,0,0,0,0,20,0,0,0,0,0,0,0,0,0,66,0,0,0,0,0,10,0,10,195,17,0,46,0,0
db 195,34,0,70,192,0,0,0,0,0,0,0,0,0,0,0,0,0,0,0,0,0,0,0,0,0,0,22,0,22,0,0,0,46,0,53,0,0,0,70,193,0,0,0,0,0,0,0,0,0,0,0,0,0,0,0,0,0,0,0,0,0,0,10,0,10,0,17,0,46
db 0,0,0,34,0,70,194,0,0,0,0,0,0,0,0,0,0,0,0,0,0,0,0,0,0,0,0,0,0,22,0,22,0,0,0,46,0,53,0,0,0,70,195,0,0,0,0,0,0,0,0,0,0,46,0,0,0,34,0,0,0,0,0,0,0,10,0,10,0,17
db 0,0,0,0,0,0,0,70,196,0,0,0,0,0,0,10,0,0,0,46,0,0,0,0,0,0,0,0,0,0,0,22,0,22,0,0,0,46,0,53,0,34,0,70,197,0,0,0,0,0,0,22,0,0,0,0,0,53,0,0,0,0,0,0,0,0,0,10,0,10
db 0,17,0,46,0,0,0,0,0,70,198,0,0,0,0,0,0,10,0,0,0,0,0,0,0,0,0,0,0,0,0,0,0,22,0,22,0,0,0,46,0,53,0,34,0,70,199,0,0,0,0,0,0,22,0,0,0,0,0,0,0,0,0,0,0,0,0,0,0,6
db 0,6,0,17,0,42,0,0,0,30,0,66,192,0,0,0,0,0,0,0,0,0,0,0,0,0,0,0,0,0,0,0,0,0,0,18,0,18,0,0,0,42,0,53,0,0,0,66,193,0,0,0,0,0,0,0,0,0,0,0,0,0,0,0,0,0,0,0,0,0
db 0,6,0,6,0,17,0,42,0,0,0,30,0,66,194,0,0,0,0,0,0,0,0,0,0,0,0,0,0,0,0,0,0,0,0,0,0,18,0,18,0,0,0,42,0,53,0,0,0,66,195,0,0,0,0,0,0,0,0,0,0,44,0,0,0,32,0,0,0,0
db 0,0,0,8,0,8,0,17,0,0,0,0,0,0,0,68,192,0,0,0,0,0,0,8,0,0,0,44,0,0,0,0,0,0,0,0,0,0,0,20,0,20,0,0,0,44,0,53,0,32,0,68,193,0,0,0,0,0,0,20,0,0,0,0,0,53,0,0,0,0
db 0,0,0,0,0,8,0,8,0,17,0,44,0,0,0,0,0,68,194,0,0,0,0,0,0,8,0,0,0,0,0,0,0,0,0,0,0,0,0,0,0,20,0,20,0,0,0,44,0,53,0,32,0,68,195,0,0,0,0,0,0,20,0,0,0,0,0,0,0,0
db 0,0,0,0,0,0,0,10,0,10,0,17,0,46,0,0,0,34,0,70,192,0,0,0,0,0,0,0,0,0,0,0,0,0,0,0,0,0,0,0,0,0,0,22,0,22,0,0,0,46,0,53,0,0,0,70,193,0,0,0,0,0,0,0,0,0,0,0,0,0
db 0,0,0,0,0,0,0,0,0,10,0,10,0,17,0,46,0,0,0,34,0,70,194,0,0,0,0,0,0,0,0,0,0,0,0,0,0,0,0,0,0,0,0,0,0,22,0,22,0,0,0,46,0,53,0,0,0,70,195,0,0,0,0,0,0,0,0,0,0,46
db 0,0,0,34,0,0,0,0,0,0,0,10,0,10,0,17,0,0,0,0,0,0,0,70,196,0,0,0,0,0,0,10,0,0,0,46,0,0,0,0,0,0,0,0,0,0,0,22,0,22,0,0,0,46,0,53,0,34,0,70,197,0,0,0,0,0,0,22,0,0
db 0,0,0,53,0,0,0,0,0,0,0,0,0,10,0,10,0,17,0,46,0,0,0,0,0,70,198,0,0,0,0,0,0,10,0,0,0,0,0,0,0,0,0,0,0,0,0,0,0,22,0,22,0,0,0,46,0,53,0,34,0,70,199,0,0,0,0,0,0,22
db 0,0,0,0,0,0,0,0,0,0,0,0,0,0,0,13,0,13,0,17,0,49,0,0,0,37,0,73,192,0,0,0,0,0,0,0,0,0,0,0,0,0,0,0,0,0,0,0,0,0,0,25,0,25,0,0,0,49,0,53,0,0,0,73,193,0,0,0,0,0
db 0,0,0,0,0,0,0,0,0,0,0,0,0,0,0,0,0,13,0,13,0,17,0,49,0,0,0,37,0,73,194,0,0,0,0,0,0,0,0,0,0,0,0,0,0,0,0,0,0,0,0,0,0,25,0,25,0,0,0,49,0,53,0,0,0,73,195,0,0,0
db 0,0,0,0,0,0,0,44,0,0,0,32,0,0,0,0,0,0,0,8,0,8,0,17,0,0,0,0,0,0,0,68,192,0,0,0,0,0,0,8,0,0,0,44,0,0,0,0,0,0,0,0,0,0,0,20,0,20,0,0,0,44,0,53,0,32,0,68,193,0
db 0,0,0,0,0,20,0,0,0,0,0,53,0,0,0,0,0,0,0,0,0,8,0,8,0,17,0,44,0,0,0,0,0,68,194,0,0,0,0,0,0,8,0,0,0,0,0,0,0,0,0,0,0,0,0,0,0,20,0,20,0,0,0,44,0,53,0,32,0,68
db 195,0,0,0,0,0,0,20,0,0,0,0,0,0,0,0,0,0,0,0,0,0,0,10,0,0,0,0,0,0,0,0,195,34,0,70,192,0,0,0,0,0,0,0,0,0,0,0,0,0,0,0,0,0,0,0,0,0,0,22,0,0,0,0,0,0,0,53,0,0
db 0,70,193,0,0,0,0,0,0,0,0,0,0,0,0,0,0,0,0,0,0,0,0,0,0,10,0,0,0,0,0,0,0,0,0,34,0,70,194,0,0,0,0,0,0,0,0,0,0,0,0,0,0,0,0,0,0,0,0,0,0,22,0,0,0,0,0,0,0,53
db 0,0,0,70,195,0,0,0,0,0,0,0,0,0,0,0,0,0,0,34,0,0,0,0,0,0,0,10,0,0,0,0,0,0,0,0,0,0,0,70,196,0,0,0,0,0,0,0,0,0,0,0,0,0,0,0,0,0,0,0,0,0,0,22,0,0,0,0,0,0
db 0,53,0,34,0,70,197,0,0,0,0,0,0,0,0,0,0,0,0,53,0,0,0,0,0,0,0,0,0,10,0,0,0,0,0,0,0,0,0,0,0,70,198,0,0,0,0,0,0,0,0,0,0,0,0,0,0,0,0,0,0,0,0,0,0,22,0,0,0,0
db 0,0,0,53,0,34,0,70,199,0,0,0,0,0,0,0,0,0,0,0,0,0,0,0,0,0,0,0,0,0,0,6,0,0,0,0,0,0,0,0,0,30,0,66,192,0,0,0,0,0,0,0,0,0,0,0,0,0,0,0,0,0,0,0,0,0,0,18,0,0
db 0,0,0,0,0,53,0,0,0,66,193,0,0,0,0,0,0,0,0,0,0,0,0,0,0,0,0,0,0,0,0,0,0,6,0,0,0,0,0,0,0,0,0,30,0,66,194,0,0,0,0,0,0,0,0,0,0,0,0,0,0,0,0,0,0,0,0,0,0,18
db 0,0,0,0,0,0,0,53,0,0,0,66,195,0,0,0,0,0,0,0,0,0,0,0,0,0,0,32,0,0,0,0,0,0,0,8,0,0,0,0,0,0,0,0,0,0,0,68,192,0,0,0,0,0,0,0,0,0,0,0,0,0,0,0,0,0,0,0,0,0
db 0,20,0,0,0,0,0,0,0,53,0,32,0,68,193,0,0,0,0,0,0,0,0,0,0,0,0,53,0,0,0,0,0,0,0,0,0,8,0,0,0,0,0,0,0,0,0,0,0,68,194,0,0,0,0,0,0,0,0,0,0,0,0,0,0,0,0,0,0,0
db 0,0,0,20,0,0,0,0,0,0,0,53,0,32,0,68,195,0,0,0,0,0,0,0,0,0,0,0,0,0,0,0,0,0,0,0,0,0,0,10,0,0,0,0,0,0,0,0,0,34,0,70,192,0,0,0,0,0,0,0,0,0,0,0,0,0,0,0,0,0
db 0,0,0,0,0,22,0,0,0,0,0,0,0,53,0,0,0,70,193,0,0,0,0,0,0,0,0,0,0,0,0,0,0,0,0,0,0,0,0,0,0,10,0,0,0,0,0,0,0,0,0,34,0,70,194,0,0,0,0,0,0,0,0,0,0,0,0,0,0,0
db 0,0,0,0,0,0,0,22,0,0,0,0,0,0,0,53,0,0,0,70,195,0,0,0,0,0,0,0,0,0,0,0,0,0,0,34,0,0,0,0,0,0,0,10,0,0,0,0,0,0,0,0,0,0,0,70,196,0,0,0,0,0,0,0,0,0,0,0,0,0
db 0,0,0,0,0,0,0,0,0,22,0,0,0,0,0,0,0,53,0,34,0,70,197,0,0,0,0,0,0,0,0,0,0,0,0,53,0,0,0,0,0,0,0,0,0,10,0,0,0,0,0,0,0,0,0,0,0,70,198,0,0,0,0,0,0,0,0,0,0,0
db 0,0,0,0,0,0,0,0,0,0,0,22,0,0,0,0,0,0,0,53,0,34,0,70,199,0,0,0,0,0,0,0,0,0,0,0,0,0,0,0,0,0,0,0,0,0,0,13,0,0,0,0,0,0,0,0,0,37,0,73,192,0,0,0,0,0,0,0,0,0
db 0,0,0,0,0,0,0,0,0,0,0,0,0,25,0,0,0,0,0,0,0,53,0,0,0,73,193,0,0,0,0,0,0,0,0,0,0,0,0,0,0,0,0,0,0,0,0,0,0,13,0,0,0,0,0,0,0,0,0,37,0,73,194,0,0,0,0,0,0,0
db 0,0,0,0,0,0,0,0,0,0,0,0,0,0,0,25,0,0,0,0,0,0,0,53,0,0,0,73,195,0,0,0,0,0,0,0,0,0,0,0,0,0,0,32,0,0,0,0,0,0,0,8,0,0,0,0,0,0,0,0,0,0,0,68,192,0,0,0,0,0
db 0,0,0,0,0,0,0,0,0,0,0,0,0,0,0,0,0,20,0,0,0,0,0,0,0,53,0,32,0,68,193,0,0,0,0,0,0,0,0,0,0,0,0,53,0,0,0,0,0,0,0,0,0,8,0,0,0,0,0,0,0,0,0,0,0,68,194,0,0,0
db 0,0,0,0,0,0,0,0,0,0,0,0,0,0,0,0,0,0,0,20,0,0,0,0,0,0,0,53,0,32,0,68,195,0,0,0,0,0,0,0,0,0,0,0,0,0,0,0,0,0,0,0,0,0,0,0,0
